H0,ombh2,omch2,tau,As,ns,chisq
6.500000e+01,2.000000e-02,1.000000e-01,5.000000e-02,2.000000e-09,9.600000e-01,1588.425776
6.506065e+01,2.016362e-02,1.007600e-01,5.045379e-02,2.003574e-09,9.646780e-01,1539.472339
6.506065e+01,2.016362e-02,1.007600e-01,5.045379e-02,2.003574e-09,9.646780e-01,1539.472339
6.506065e+01,2.016362e-02,1.007600e-01,5.045379e-02,2.003574e-09,9.646780e-01,1539.472339
6.527059e+01,2.021513e-02,1.008524e-01,5.069437e-02,2.006992e-09,9.685063e-01,1526.728167
6.527059e+01,2.021513e-02,1.008524e-01,5.069437e-02,2.006992e-09,9.685063e-01,1526.728167
6.527059e+01,2.021513e-02,1.008524e-01,5.069437e-02,2.006992e-09,9.685063e-01,1526.728167
6.527059e+01,2.021513e-02,1.008524e-01,5.069437e-02,2.006992e-09,9.685063e-01,1526.728167
6.566910e+01,2.032052e-02,1.010003e-01,5.117626e-02,2.009930e-09,9.725093e-01,1499.518998
6.616526e+01,2.040564e-02,1.011883e-01,5.134137e-02,2.010029e-09,9.762818e-01,1464.854472
6.644946e+01,2.040631e-02,1.020737e-01,5.148981e-02,2.016708e-09,9.784899e-01,1436.999529
6.644946e+01,2.040631e-02,1.020737e-01,5.148981e-02,2.016708e-09,9.784899e-01,1436.999529
6.703264e+01,2.041284e-02,1.027779e-01,5.162931e-02,2.029045e-09,9.855914e-01,1424.174202
6.703264e+01,2.041284e-02,1.027779e-01,5.162931e-02,2.029045e-09,9.855914e-01,1424.174202
6.703264e+01,2.041284e-02,1.027779e-01,5.162931e-02,2.029045e-09,9.855914e-01,1424.174202
6.734636e+01,2.047919e-02,1.034243e-01,5.196151e-02,2.043767e-09,9.948653e-01,1427.229144
6.734636e+01,2.047919e-02,1.034243e-01,5.196151e-02,2.043767e-09,9.948653e-01,1427.229144
6.752977e+01,2.064123e-02,1.034817e-01,5.204055e-02,2.043825e-09,1.004390e+00,1416.946079
6.752977e+01,2.064123e-02,1.034817e-01,5.204055e-02,2.043825e-09,1.004390e+00,1416.946079
6.752977e+01,2.064123e-02,1.034817e-01,5.204055e-02,2.043825e-09,1.004390e+00,1416.946079
6.765504e+01,2.083341e-02,1.043435e-01,5.214412e-02,2.058942e-09,1.010434e+00,1420.712104
6.765504e+01,2.083341e-02,1.043435e-01,5.214412e-02,2.058942e-09,1.010434e+00,1420.712104
6.765504e+01,2.083341e-02,1.043435e-01,5.214412e-02,2.058942e-09,1.010434e+00,1420.712104
6.822358e+01,2.086953e-02,1.052563e-01,5.233415e-02,2.063737e-09,1.015350e+00,1401.825313
6.828928e+01,2.091724e-02,1.060110e-01,5.247929e-02,2.070044e-09,1.017985e+00,1398.331440
6.828928e+01,2.091724e-02,1.060110e-01,5.247929e-02,2.070044e-09,1.017985e+00,1398.331440
6.828928e+01,2.091724e-02,1.060110e-01,5.247929e-02,2.070044e-09,1.017985e+00,1398.331440
6.828928e+01,2.091724e-02,1.060110e-01,5.247929e-02,2.070044e-09,1.017985e+00,1398.331440
6.880795e+01,2.105160e-02,1.062112e-01,5.273426e-02,2.070261e-09,1.018897e+00,1381.343300
6.880795e+01,2.105160e-02,1.062112e-01,5.273426e-02,2.070261e-09,1.018897e+00,1381.343300
6.880795e+01,2.105160e-02,1.062112e-01,5.273426e-02,2.070261e-09,1.018897e+00,1381.343300
6.880795e+01,2.105160e-02,1.062112e-01,5.273426e-02,2.070261e-09,1.018897e+00,1381.343300
6.936433e+01,2.108494e-02,1.069756e-01,5.288815e-02,2.075897e-09,1.023839e+00,1381.572171
6.936433e+01,2.108494e-02,1.069756e-01,5.288815e-02,2.075897e-09,1.023839e+00,1381.572171
6.979908e+01,2.117493e-02,1.072571e-01,5.299075e-02,2.076514e-09,1.027230e+00,1378.843740
6.979908e+01,2.117493e-02,1.072571e-01,5.299075e-02,2.076514e-09,1.027230e+00,1378.843740
6.979908e+01,2.117493e-02,1.072571e-01,5.299075e-02,2.076514e-09,1.027230e+00,1378.843740
6.979908e+01,2.117493e-02,1.072571e-01,5.299075e-02,2.076514e-09,1.027230e+00,1378.843740
7.012667e+01,2.135452e-02,1.072713e-01,5.319563e-02,2.082651e-09,1.029901e+00,1375.961907
7.074788e+01,2.142489e-02,1.077748e-01,5.337694e-02,2.088767e-09,1.031242e+00,1374.401888
7.074788e+01,2.142489e-02,1.077748e-01,5.337694e-02,2.088767e-09,1.031242e+00,1374.401888
7.074788e+01,2.142489e-02,1.077748e-01,5.337694e-02,2.088767e-09,1.031242e+00,1374.401888
7.074788e+01,2.142489e-02,1.077748e-01,5.337694e-02,2.088767e-09,1.031242e+00,1374.401888
7.074788e+01,2.142489e-02,1.077748e-01,5.337694e-02,2.088767e-09,1.031242e+00,1374.401888
7.074788e+01,2.142489e-02,1.077748e-01,5.337694e-02,2.088767e-09,1.031242e+00,1374.401888
7.074788e+01,2.142489e-02,1.077748e-01,5.337694e-02,2.088767e-09,1.031242e+00,1374.401888
7.074788e+01,2.142489e-02,1.077748e-01,5.337694e-02,2.088767e-09,1.031242e+00,1374.401888
7.130883e+01,2.160635e-02,1.084301e-01,5.360055e-02,2.097645e-09,1.034760e+00,1373.388753
7.150549e+01,2.171133e-02,1.087982e-01,5.372488e-02,2.103777e-09,1.036930e+00,1374.303877
7.150549e+01,2.171133e-02,1.087982e-01,5.372488e-02,2.103777e-09,1.036930e+00,1374.303877
7.150549e+01,2.171133e-02,1.087982e-01,5.372488e-02,2.103777e-09,1.036930e+00,1374.303877
7.150549e+01,2.171133e-02,1.087982e-01,5.372488e-02,2.103777e-09,1.036930e+00,1374.303877
7.150549e+01,2.171133e-02,1.087982e-01,5.372488e-02,2.103777e-09,1.036930e+00,1374.303877
7.150549e+01,2.171133e-02,1.087982e-01,5.372488e-02,2.103777e-09,1.036930e+00,1374.303877
7.150549e+01,2.171133e-02,1.087982e-01,5.372488e-02,2.103777e-09,1.036930e+00,1374.303877
7.150549e+01,2.171133e-02,1.087982e-01,5.372488e-02,2.103777e-09,1.036930e+00,1374.303877
7.199319e+01,2.179945e-02,1.088503e-01,5.377226e-02,2.104844e-09,1.040324e+00,1378.456650
7.210669e+01,2.193091e-02,1.096888e-01,5.412843e-02,2.117724e-09,1.040504e+00,1375.355511
7.210669e+01,2.193091e-02,1.096888e-01,5.412843e-02,2.117724e-09,1.040504e+00,1375.355511
7.210669e+01,2.193091e-02,1.096888e-01,5.412843e-02,2.117724e-09,1.040504e+00,1375.355511
7.210669e+01,2.193091e-02,1.096888e-01,5.412843e-02,2.117724e-09,1.040504e+00,1375.355511
7.210669e+01,2.193091e-02,1.096888e-01,5.412843e-02,2.117724e-09,1.040504e+00,1375.355511
7.210669e+01,2.193091e-02,1.096888e-01,5.412843e-02,2.117724e-09,1.040504e+00,1375.355511
7.210669e+01,2.193091e-02,1.096888e-01,5.412843e-02,2.117724e-09,1.040504e+00,1375.355511
7.216455e+01,2.200304e-02,1.104826e-01,5.443361e-02,2.118138e-09,1.044608e+00,1381.202263
7.216455e+01,2.200304e-02,1.104826e-01,5.443361e-02,2.118138e-09,1.044608e+00,1381.202263
7.216455e+01,2.200304e-02,1.104826e-01,5.443361e-02,2.118138e-09,1.044608e+00,1381.202263
7.216455e+01,2.200304e-02,1.104826e-01,5.443361e-02,2.118138e-09,1.044608e+00,1381.202263
7.216455e+01,2.200304e-02,1.104826e-01,5.443361e-02,2.118138e-09,1.044608e+00,1381.202263
7.216455e+01,2.200304e-02,1.104826e-01,5.443361e-02,2.118138e-09,1.044608e+00,1381.202263
7.216455e+01,2.200304e-02,1.104826e-01,5.443361e-02,2.118138e-09,1.044608e+00,1381.202263
7.216455e+01,2.200304e-02,1.104826e-01,5.443361e-02,2.118138e-09,1.044608e+00,1381.202263
7.216455e+01,2.200304e-02,1.104826e-01,5.443361e-02,2.118138e-09,1.044608e+00,1381.202263
7.216455e+01,2.200304e-02,1.104826e-01,5.443361e-02,2.118138e-09,1.044608e+00,1381.202263
7.216455e+01,2.200304e-02,1.104826e-01,5.443361e-02,2.118138e-09,1.044608e+00,1381.202263
7.216455e+01,2.200304e-02,1.104826e-01,5.443361e-02,2.118138e-09,1.044608e+00,1381.202263
7.216455e+01,2.200304e-02,1.104826e-01,5.443361e-02,2.118138e-09,1.044608e+00,1381.202263
7.216455e+01,2.200304e-02,1.104826e-01,5.443361e-02,2.118138e-09,1.044608e+00,1381.202263
7.216455e+01,2.200304e-02,1.104826e-01,5.443361e-02,2.118138e-09,1.044608e+00,1381.202263
7.216455e+01,2.200304e-02,1.104826e-01,5.443361e-02,2.118138e-09,1.044608e+00,1381.202263
7.216455e+01,2.200304e-02,1.104826e-01,5.443361e-02,2.118138e-09,1.044608e+00,1381.202263
7.253153e+01,2.214047e-02,1.108621e-01,5.488581e-02,2.135749e-09,1.045435e+00,1382.958506
7.253153e+01,2.214047e-02,1.108621e-01,5.488581e-02,2.135749e-09,1.045435e+00,1382.958506
7.253153e+01,2.214047e-02,1.108621e-01,5.488581e-02,2.135749e-09,1.045435e+00,1382.958506
7.253153e+01,2.214047e-02,1.108621e-01,5.488581e-02,2.135749e-09,1.045435e+00,1382.958506
7.253153e+01,2.214047e-02,1.108621e-01,5.488581e-02,2.135749e-09,1.045435e+00,1382.958506
7.271017e+01,2.233014e-02,1.117409e-01,5.530488e-02,2.152249e-09,1.046436e+00,1381.549415
7.271017e+01,2.233014e-02,1.117409e-01,5.530488e-02,2.152249e-09,1.046436e+00,1381.549415
7.271017e+01,2.233014e-02,1.117409e-01,5.530488e-02,2.152249e-09,1.046436e+00,1381.549415
7.282865e+01,2.251673e-02,1.120606e-01,5.561378e-02,2.158810e-09,1.046873e+00,1372.419471
7.282865e+01,2.251673e-02,1.120606e-01,5.561378e-02,2.158810e-09,1.046873e+00,1372.419471
7.282865e+01,2.251673e-02,1.120606e-01,5.561378e-02,2.158810e-09,1.046873e+00,1372.419471
7.296510e+01,2.270343e-02,1.126087e-01,5.600600e-02,2.168530e-09,1.048852e+00,1369.525479
7.296510e+01,2.270343e-02,1.126087e-01,5.600600e-02,2.168530e-09,1.048852e+00,1369.525479
7.296510e+01,2.270343e-02,1.126087e-01,5.600600e-02,2.168530e-09,1.048852e+00,1369.525479
7.296510e+01,2.270343e-02,1.126087e-01,5.600600e-02,2.168530e-09,1.048852e+00,1369.525479
7.296510e+01,2.270343e-02,1.126087e-01,5.600600e-02,2.168530e-09,1.048852e+00,1369.525479
7.296510e+01,2.270343e-02,1.126087e-01,5.600600e-02,2.168530e-09,1.048852e+00,1369.525479
7.325493e+01,2.285894e-02,1.127483e-01,5.622066e-02,2.173025e-09,1.051182e+00,1367.968963
7.364530e+01,2.305759e-02,1.129885e-01,5.625743e-02,2.176773e-09,1.051598e+00,1360.047656
7.364530e+01,2.305759e-02,1.129885e-01,5.625743e-02,2.176773e-09,1.051598e+00,1360.047656
7.364530e+01,2.305759e-02,1.129885e-01,5.625743e-02,2.176773e-09,1.051598e+00,1360.047656
7.364530e+01,2.305759e-02,1.129885e-01,5.625743e-02,2.176773e-09,1.051598e+00,1360.047656
7.364530e+01,2.305759e-02,1.129885e-01,5.625743e-02,2.176773e-09,1.051598e+00,1360.047656
7.364530e+01,2.305759e-02,1.129885e-01,5.625743e-02,2.176773e-09,1.051598e+00,1360.047656
7.364530e+01,2.305759e-02,1.129885e-01,5.625743e-02,2.176773e-09,1.051598e+00,1360.047656
7.364530e+01,2.305759e-02,1.129885e-01,5.625743e-02,2.176773e-09,1.051598e+00,1360.047656
7.364530e+01,2.305759e-02,1.129885e-01,5.625743e-02,2.176773e-09,1.051598e+00,1360.047656
7.364530e+01,2.305759e-02,1.129885e-01,5.625743e-02,2.176773e-09,1.051598e+00,1360.047656
7.386208e+01,2.324633e-02,1.139145e-01,5.636453e-02,2.180168e-09,1.054103e+00,1355.297261
7.386208e+01,2.324633e-02,1.139145e-01,5.636453e-02,2.180168e-09,1.054103e+00,1355.297261
7.414375e+01,2.338911e-02,1.148620e-01,5.642071e-02,2.188245e-09,1.055483e+00,1357.157136
7.414375e+01,2.338911e-02,1.148620e-01,5.642071e-02,2.188245e-09,1.055483e+00,1357.157136
7.414375e+01,2.338911e-02,1.148620e-01,5.642071e-02,2.188245e-09,1.055483e+00,1357.157136
7.414375e+01,2.338911e-02,1.148620e-01,5.642071e-02,2.188245e-09,1.055483e+00,1357.157136
7.439645e+01,2.357522e-02,1.158196e-01,5.648953e-02,2.194342e-09,1.058089e+00,1358.391406
7.439645e+01,2.357522e-02,1.158196e-01,5.648953e-02,2.194342e-09,1.058089e+00,1358.391406
7.439645e+01,2.357522e-02,1.158196e-01,5.648953e-02,2.194342e-09,1.058089e+00,1358.391406
7.439645e+01,2.357522e-02,1.158196e-01,5.648953e-02,2.194342e-09,1.058089e+00,1358.391406
7.439645e+01,2.357522e-02,1.158196e-01,5.648953e-02,2.194342e-09,1.058089e+00,1358.391406
7.439645e+01,2.357522e-02,1.158196e-01,5.648953e-02,2.194342e-09,1.058089e+00,1358.391406
7.454625e+01,2.375255e-02,1.167952e-01,5.679574e-02,2.195770e-09,1.058706e+00,1354.062902
7.454625e+01,2.375255e-02,1.167952e-01,5.679574e-02,2.195770e-09,1.058706e+00,1354.062902
7.454625e+01,2.375255e-02,1.167952e-01,5.679574e-02,2.195770e-09,1.058706e+00,1354.062902
7.454625e+01,2.375255e-02,1.167952e-01,5.679574e-02,2.195770e-09,1.058706e+00,1354.062902
7.454625e+01,2.375255e-02,1.167952e-01,5.679574e-02,2.195770e-09,1.058706e+00,1354.062902
7.454625e+01,2.375255e-02,1.167952e-01,5.679574e-02,2.195770e-09,1.058706e+00,1354.062902
7.454625e+01,2.375255e-02,1.167952e-01,5.679574e-02,2.195770e-09,1.058706e+00,1354.062902
7.454625e+01,2.375255e-02,1.167952e-01,5.679574e-02,2.195770e-09,1.058706e+00,1354.062902
7.454625e+01,2.375255e-02,1.167952e-01,5.679574e-02,2.195770e-09,1.058706e+00,1354.062902
7.454625e+01,2.375255e-02,1.167952e-01,5.679574e-02,2.195770e-09,1.058706e+00,1354.062902
7.454625e+01,2.375255e-02,1.167952e-01,5.679574e-02,2.195770e-09,1.058706e+00,1354.062902
7.454625e+01,2.375255e-02,1.167952e-01,5.679574e-02,2.195770e-09,1.058706e+00,1354.062902
7.454625e+01,2.375255e-02,1.167952e-01,5.679574e-02,2.195770e-09,1.058706e+00,1354.062902
7.454625e+01,2.375255e-02,1.167952e-01,5.679574e-02,2.195770e-09,1.058706e+00,1354.062902
7.454625e+01,2.375255e-02,1.167952e-01,5.679574e-02,2.195770e-09,1.058706e+00,1354.062902
7.454625e+01,2.375255e-02,1.167952e-01,5.679574e-02,2.195770e-09,1.058706e+00,1354.062902
7.454625e+01,2.375255e-02,1.167952e-01,5.679574e-02,2.195770e-09,1.058706e+00,1354.062902
7.454625e+01,2.375255e-02,1.167952e-01,5.679574e-02,2.195770e-09,1.058706e+00,1354.062902
7.454625e+01,2.375255e-02,1.167952e-01,5.679574e-02,2.195770e-09,1.058706e+00,1354.062902
7.454625e+01,2.375255e-02,1.167952e-01,5.679574e-02,2.195770e-09,1.058706e+00,1354.062902
7.454625e+01,2.375255e-02,1.167952e-01,5.679574e-02,2.195770e-09,1.058706e+00,1354.062902
7.454625e+01,2.375255e-02,1.167952e-01,5.679574e-02,2.195770e-09,1.058706e+00,1354.062902
7.454625e+01,2.375255e-02,1.167952e-01,5.679574e-02,2.195770e-09,1.058706e+00,1354.062902
7.454625e+01,2.375255e-02,1.167952e-01,5.679574e-02,2.195770e-09,1.058706e+00,1354.062902
7.454625e+01,2.375255e-02,1.167952e-01,5.679574e-02,2.195770e-09,1.058706e+00,1354.062902
7.454625e+01,2.375255e-02,1.167952e-01,5.679574e-02,2.195770e-09,1.058706e+00,1354.062902
7.464521e+01,2.387995e-02,1.171861e-01,5.688955e-02,2.203662e-09,1.061135e+00,1356.453190
7.464521e+01,2.387995e-02,1.171861e-01,5.688955e-02,2.203662e-09,1.061135e+00,1356.453190
7.464521e+01,2.387995e-02,1.171861e-01,5.688955e-02,2.203662e-09,1.061135e+00,1356.453190
7.487870e+01,2.403334e-02,1.179026e-01,5.700441e-02,2.211297e-09,1.061797e+00,1356.583673
7.487870e+01,2.403334e-02,1.179026e-01,5.700441e-02,2.211297e-09,1.061797e+00,1356.583673
7.487870e+01,2.403334e-02,1.179026e-01,5.700441e-02,2.211297e-09,1.061797e+00,1356.583673
7.487870e+01,2.403334e-02,1.179026e-01,5.700441e-02,2.211297e-09,1.061797e+00,1356.583673
7.487870e+01,2.403334e-02,1.179026e-01,5.700441e-02,2.211297e-09,1.061797e+00,1356.583673
7.487870e+01,2.403334e-02,1.179026e-01,5.700441e-02,2.211297e-09,1.061797e+00,1356.583673
7.487870e+01,2.403334e-02,1.179026e-01,5.700441e-02,2.211297e-09,1.061797e+00,1356.583673
7.487870e+01,2.403334e-02,1.179026e-01,5.700441e-02,2.211297e-09,1.061797e+00,1356.583673
7.487870e+01,2.403334e-02,1.179026e-01,5.700441e-02,2.211297e-09,1.061797e+00,1356.583673
7.487870e+01,2.403334e-02,1.179026e-01,5.700441e-02,2.211297e-09,1.061797e+00,1356.583673
7.487870e+01,2.403334e-02,1.179026e-01,5.700441e-02,2.211297e-09,1.061797e+00,1356.583673
7.487870e+01,2.403334e-02,1.179026e-01,5.700441e-02,2.211297e-09,1.061797e+00,1356.583673
7.487870e+01,2.403334e-02,1.179026e-01,5.700441e-02,2.211297e-09,1.061797e+00,1356.583673
7.487870e+01,2.403334e-02,1.179026e-01,5.700441e-02,2.211297e-09,1.061797e+00,1356.583673
7.487870e+01,2.403334e-02,1.179026e-01,5.700441e-02,2.211297e-09,1.061797e+00,1356.583673
7.487870e+01,2.403334e-02,1.179026e-01,5.700441e-02,2.211297e-09,1.061797e+00,1356.583673
7.487870e+01,2.403334e-02,1.179026e-01,5.700441e-02,2.211297e-09,1.061797e+00,1356.583673
7.487870e+01,2.403334e-02,1.179026e-01,5.700441e-02,2.211297e-09,1.061797e+00,1356.583673
7.487870e+01,2.403334e-02,1.179026e-01,5.700441e-02,2.211297e-09,1.061797e+00,1356.583673
7.487870e+01,2.403334e-02,1.179026e-01,5.700441e-02,2.211297e-09,1.061797e+00,1356.583673
7.487870e+01,2.403334e-02,1.179026e-01,5.700441e-02,2.211297e-09,1.061797e+00,1356.583673
7.487870e+01,2.403334e-02,1.179026e-01,5.700441e-02,2.211297e-09,1.061797e+00,1356.583673
7.487870e+01,2.403334e-02,1.179026e-01,5.700441e-02,2.211297e-09,1.061797e+00,1356.583673
7.487870e+01,2.403334e-02,1.179026e-01,5.700441e-02,2.211297e-09,1.061797e+00,1356.583673
7.487870e+01,2.403334e-02,1.179026e-01,5.700441e-02,2.211297e-09,1.061797e+00,1356.583673
7.487870e+01,2.403334e-02,1.179026e-01,5.700441e-02,2.211297e-09,1.061797e+00,1356.583673
7.499904e+01,2.422314e-02,1.188116e-01,5.704791e-02,2.226017e-09,1.062894e+00,1357.422393
7.499904e+01,2.422314e-02,1.188116e-01,5.704791e-02,2.226017e-09,1.062894e+00,1357.422393
7.499904e+01,2.422314e-02,1.188116e-01,5.704791e-02,2.226017e-09,1.062894e+00,1357.422393
7.499904e+01,2.422314e-02,1.188116e-01,5.704791e-02,2.226017e-09,1.062894e+00,1357.422393
7.499904e+01,2.422314e-02,1.188116e-01,5.704791e-02,2.226017e-09,1.062894e+00,1357.422393
7.499904e+01,2.422314e-02,1.188116e-01,5.704791e-02,2.226017e-09,1.062894e+00,1357.422393
7.499904e+01,2.422314e-02,1.188116e-01,5.704791e-02,2.226017e-09,1.062894e+00,1357.422393
7.499904e+01,2.422314e-02,1.188116e-01,5.704791e-02,2.226017e-09,1.062894e+00,1357.422393
7.499904e+01,2.422314e-02,1.188116e-01,5.704791e-02,2.226017e-09,1.062894e+00,1357.422393
7.499904e+01,2.422314e-02,1.188116e-01,5.704791e-02,2.226017e-09,1.062894e+00,1357.422393
7.499904e+01,2.422314e-02,1.188116e-01,5.704791e-02,2.226017e-09,1.062894e+00,1357.422393
7.499904e+01,2.422314e-02,1.188116e-01,5.704791e-02,2.226017e-09,1.062894e+00,1357.422393
7.499904e+01,2.422314e-02,1.188116e-01,5.704791e-02,2.226017e-09,1.062894e+00,1357.422393
7.499904e+01,2.422314e-02,1.188116e-01,5.704791e-02,2.226017e-09,1.062894e+00,1357.422393
7.499904e+01,2.422314e-02,1.188116e-01,5.704791e-02,2.226017e-09,1.062894e+00,1357.422393
7.499904e+01,2.422314e-02,1.188116e-01,5.704791e-02,2.226017e-09,1.062894e+00,1357.422393
7.499904e+01,2.422314e-02,1.188116e-01,5.704791e-02,2.226017e-09,1.062894e+00,1357.422393
7.508239e+01,2.433587e-02,1.192786e-01,5.717365e-02,2.230926e-09,1.063899e+00,1357.403731
7.508239e+01,2.433587e-02,1.192786e-01,5.717365e-02,2.230926e-09,1.063899e+00,1357.403731
7.508239e+01,2.433587e-02,1.192786e-01,5.717365e-02,2.230926e-09,1.063899e+00,1357.403731
7.508239e+01,2.433587e-02,1.192786e-01,5.717365e-02,2.230926e-09,1.063899e+00,1357.403731
7.508239e+01,2.433587e-02,1.192786e-01,5.717365e-02,2.230926e-09,1.063899e+00,1357.403731
7.508239e+01,2.433587e-02,1.192786e-01,5.717365e-02,2.230926e-09,1.063899e+00,1357.403731
7.508239e+01,2.433587e-02,1.192786e-01,5.717365e-02,2.230926e-09,1.063899e+00,1357.403731
7.508239e+01,2.433587e-02,1.192786e-01,5.717365e-02,2.230926e-09,1.063899e+00,1357.403731
7.508239e+01,2.433587e-02,1.192786e-01,5.717365e-02,2.230926e-09,1.063899e+00,1357.403731
7.508239e+01,2.433587e-02,1.192786e-01,5.717365e-02,2.230926e-09,1.063899e+00,1357.403731
7.508239e+01,2.433587e-02,1.192786e-01,5.717365e-02,2.230926e-09,1.063899e+00,1357.403731
7.508239e+01,2.433587e-02,1.192786e-01,5.717365e-02,2.230926e-09,1.063899e+00,1357.403731
7.508239e+01,2.433587e-02,1.192786e-01,5.717365e-02,2.230926e-09,1.063899e+00,1357.403731
7.508239e+01,2.433587e-02,1.192786e-01,5.717365e-02,2.230926e-09,1.063899e+00,1357.403731
7.508239e+01,2.433587e-02,1.192786e-01,5.717365e-02,2.230926e-09,1.063899e+00,1357.403731
7.508239e+01,2.433587e-02,1.192786e-01,5.717365e-02,2.230926e-09,1.063899e+00,1357.403731
7.508239e+01,2.433587e-02,1.192786e-01,5.717365e-02,2.230926e-09,1.063899e+00,1357.403731
7.508239e+01,2.433587e-02,1.192786e-01,5.717365e-02,2.230926e-09,1.063899e+00,1357.403731
7.508239e+01,2.433587e-02,1.192786e-01,5.717365e-02,2.230926e-09,1.063899e+00,1357.403731
7.508239e+01,2.433587e-02,1.192786e-01,5.717365e-02,2.230926e-09,1.063899e+00,1357.403731
7.508239e+01,2.433587e-02,1.192786e-01,5.717365e-02,2.230926e-09,1.063899e+00,1357.403731
7.529706e+01,2.448104e-02,1.198809e-01,5.750702e-02,2.237070e-09,1.065029e+00,1358.582079
7.529706e+01,2.448104e-02,1.198809e-01,5.750702e-02,2.237070e-09,1.065029e+00,1358.582079
7.529706e+01,2.448104e-02,1.198809e-01,5.750702e-02,2.237070e-09,1.065029e+00,1358.582079
7.529706e+01,2.448104e-02,1.198809e-01,5.750702e-02,2.237070e-09,1.065029e+00,1358.582079
7.529706e+01,2.448104e-02,1.198809e-01,5.750702e-02,2.237070e-09,1.065029e+00,1358.582079
7.529706e+01,2.448104e-02,1.198809e-01,5.750702e-02,2.237070e-09,1.065029e+00,1358.582079
7.529706e+01,2.448104e-02,1.198809e-01,5.750702e-02,2.237070e-09,1.065029e+00,1358.582079
7.529706e+01,2.448104e-02,1.198809e-01,5.750702e-02,2.237070e-09,1.065029e+00,1358.582079
7.529706e+01,2.448104e-02,1.198809e-01,5.750702e-02,2.237070e-09,1.065029e+00,1358.582079
7.529706e+01,2.448104e-02,1.198809e-01,5.750702e-02,2.237070e-09,1.065029e+00,1358.582079
7.529706e+01,2.448104e-02,1.198809e-01,5.750702e-02,2.237070e-09,1.065029e+00,1358.582079
7.529706e+01,2.448104e-02,1.198809e-01,5.750702e-02,2.237070e-09,1.065029e+00,1358.582079
7.529706e+01,2.448104e-02,1.198809e-01,5.750702e-02,2.237070e-09,1.065029e+00,1358.582079
7.529706e+01,2.448104e-02,1.198809e-01,5.750702e-02,2.237070e-09,1.065029e+00,1358.582079
7.529706e+01,2.448104e-02,1.198809e-01,5.750702e-02,2.237070e-09,1.065029e+00,1358.582079
7.529706e+01,2.448104e-02,1.198809e-01,5.750702e-02,2.237070e-09,1.065029e+00,1358.582079
7.529706e+01,2.448104e-02,1.198809e-01,5.750702e-02,2.237070e-09,1.065029e+00,1358.582079
7.529706e+01,2.448104e-02,1.198809e-01,5.750702e-02,2.237070e-09,1.065029e+00,1358.582079
7.529706e+01,2.448104e-02,1.198809e-01,5.750702e-02,2.237070e-09,1.065029e+00,1358.582079
7.529706e+01,2.448104e-02,1.198809e-01,5.750702e-02,2.237070e-09,1.065029e+00,1358.582079
7.529706e+01,2.448104e-02,1.198809e-01,5.750702e-02,2.237070e-09,1.065029e+00,1358.582079
7.529706e+01,2.448104e-02,1.198809e-01,5.750702e-02,2.237070e-09,1.065029e+00,1358.582079
7.529706e+01,2.448104e-02,1.198809e-01,5.750702e-02,2.237070e-09,1.065029e+00,1358.582079
7.529706e+01,2.448104e-02,1.198809e-01,5.750702e-02,2.237070e-09,1.065029e+00,1358.582079
7.529706e+01,2.448104e-02,1.198809e-01,5.750702e-02,2.237070e-09,1.065029e+00,1358.582079
7.529706e+01,2.448104e-02,1.198809e-01,5.750702e-02,2.237070e-09,1.065029e+00,1358.582079
7.529706e+01,2.448104e-02,1.198809e-01,5.750702e-02,2.237070e-09,1.065029e+00,1358.582079
7.529706e+01,2.448104e-02,1.198809e-01,5.750702e-02,2.237070e-09,1.065029e+00,1358.582079
7.581095e+01,2.465737e-02,1.201105e-01,5.760808e-02,2.238960e-09,1.065623e+00,1358.751419
7.581095e+01,2.465737e-02,1.201105e-01,5.760808e-02,2.238960e-09,1.065623e+00,1358.751419
7.581095e+01,2.465737e-02,1.201105e-01,5.760808e-02,2.238960e-09,1.065623e+00,1358.751419
7.581095e+01,2.465737e-02,1.201105e-01,5.760808e-02,2.238960e-09,1.065623e+00,1358.751419
7.581095e+01,2.465737e-02,1.201105e-01,5.760808e-02,2.238960e-09,1.065623e+00,1358.751419
7.581095e+01,2.465737e-02,1.201105e-01,5.760808e-02,2.238960e-09,1.065623e+00,1358.751419
7.581095e+01,2.465737e-02,1.201105e-01,5.760808e-02,2.238960e-09,1.065623e+00,1358.751419
7.581095e+01,2.465737e-02,1.201105e-01,5.760808e-02,2.238960e-09,1.065623e+00,1358.751419
7.581095e+01,2.465737e-02,1.201105e-01,5.760808e-02,2.238960e-09,1.065623e+00,1358.751419
7.581095e+01,2.465737e-02,1.201105e-01,5.760808e-02,2.238960e-09,1.065623e+00,1358.751419
7.581095e+01,2.465737e-02,1.201105e-01,5.760808e-02,2.238960e-09,1.065623e+00,1358.751419
7.581095e+01,2.465737e-02,1.201105e-01,5.760808e-02,2.238960e-09,1.065623e+00,1358.751419
7.581095e+01,2.465737e-02,1.201105e-01,5.760808e-02,2.238960e-09,1.065623e+00,1358.751419
7.581095e+01,2.465737e-02,1.201105e-01,5.760808e-02,2.238960e-09,1.065623e+00,1358.751419
7.581095e+01,2.465737e-02,1.201105e-01,5.760808e-02,2.238960e-09,1.065623e+00,1358.751419
7.581095e+01,2.465737e-02,1.201105e-01,5.760808e-02,2.238960e-09,1.065623e+00,1358.751419
7.581095e+01,2.465737e-02,1.201105e-01,5.760808e-02,2.238960e-09,1.065623e+00,1358.751419
7.581095e+01,2.465737e-02,1.201105e-01,5.760808e-02,2.238960e-09,1.065623e+00,1358.751419
7.581095e+01,2.465737e-02,1.201105e-01,5.760808e-02,2.238960e-09,1.065623e+00,1358.751419
7.581095e+01,2.465737e-02,1.201105e-01,5.760808e-02,2.238960e-09,1.065623e+00,1358.751419
7.581095e+01,2.465737e-02,1.201105e-01,5.760808e-02,2.238960e-09,1.065623e+00,1358.751419
7.581095e+01,2.465737e-02,1.201105e-01,5.760808e-02,2.238960e-09,1.065623e+00,1358.751419
7.581095e+01,2.465737e-02,1.201105e-01,5.760808e-02,2.238960e-09,1.065623e+00,1358.751419
7.581095e+01,2.465737e-02,1.201105e-01,5.760808e-02,2.238960e-09,1.065623e+00,1358.751419
7.581095e+01,2.465737e-02,1.201105e-01,5.760808e-02,2.238960e-09,1.065623e+00,1358.751419
7.587035e+01,2.475782e-02,1.201701e-01,5.790457e-02,2.245080e-09,1.065740e+00,1355.674586
7.587035e+01,2.475782e-02,1.201701e-01,5.790457e-02,2.245080e-09,1.065740e+00,1355.674586
7.587035e+01,2.475782e-02,1.201701e-01,5.790457e-02,2.245080e-09,1.065740e+00,1355.674586
7.587035e+01,2.475782e-02,1.201701e-01,5.790457e-02,2.245080e-09,1.065740e+00,1355.674586
7.587035e+01,2.475782e-02,1.201701e-01,5.790457e-02,2.245080e-09,1.065740e+00,1355.674586
7.587035e+01,2.475782e-02,1.201701e-01,5.790457e-02,2.245080e-09,1.065740e+00,1355.674586
7.587035e+01,2.475782e-02,1.201701e-01,5.790457e-02,2.245080e-09,1.065740e+00,1355.674586
7.587035e+01,2.475782e-02,1.201701e-01,5.790457e-02,2.245080e-09,1.065740e+00,1355.674586
7.587035e+01,2.475782e-02,1.201701e-01,5.790457e-02,2.245080e-09,1.065740e+00,1355.674586
7.587035e+01,2.475782e-02,1.201701e-01,5.790457e-02,2.245080e-09,1.065740e+00,1355.674586
7.587035e+01,2.475782e-02,1.201701e-01,5.790457e-02,2.245080e-09,1.065740e+00,1355.674586
7.587035e+01,2.475782e-02,1.201701e-01,5.790457e-02,2.245080e-09,1.065740e+00,1355.674586
7.587035e+01,2.475782e-02,1.201701e-01,5.790457e-02,2.245080e-09,1.065740e+00,1355.674586
7.603664e+01,2.493288e-02,1.205632e-01,5.827072e-02,2.246430e-09,1.066104e+00,1351.105647
7.603664e+01,2.493288e-02,1.205632e-01,5.827072e-02,2.246430e-09,1.066104e+00,1351.105647
7.603664e+01,2.493288e-02,1.205632e-01,5.827072e-02,2.246430e-09,1.066104e+00,1351.105647
7.603664e+01,2.493288e-02,1.205632e-01,5.827072e-02,2.246430e-09,1.066104e+00,1351.105647
7.603664e+01,2.493288e-02,1.205632e-01,5.827072e-02,2.246430e-09,1.066104e+00,1351.105647
7.603664e+01,2.493288e-02,1.205632e-01,5.827072e-02,2.246430e-09,1.066104e+00,1351.105647
7.603664e+01,2.493288e-02,1.205632e-01,5.827072e-02,2.246430e-09,1.066104e+00,1351.105647
7.611626e+01,2.507464e-02,1.206264e-01,5.865049e-02,2.246551e-09,1.069572e+00,1351.651335
7.611626e+01,2.507464e-02,1.206264e-01,5.865049e-02,2.246551e-09,1.069572e+00,1351.651335
7.611626e+01,2.507464e-02,1.206264e-01,5.865049e-02,2.246551e-09,1.069572e+00,1351.651335
7.611626e+01,2.507464e-02,1.206264e-01,5.865049e-02,2.246551e-09,1.069572e+00,1351.651335
7.611626e+01,2.507464e-02,1.206264e-01,5.865049e-02,2.246551e-09,1.069572e+00,1351.651335
7.611626e+01,2.507464e-02,1.206264e-01,5.865049e-02,2.246551e-09,1.069572e+00,1351.651335
7.611626e+01,2.507464e-02,1.206264e-01,5.865049e-02,2.246551e-09,1.069572e+00,1351.651335
7.611626e+01,2.507464e-02,1.206264e-01,5.865049e-02,2.246551e-09,1.069572e+00,1351.651335
7.611626e+01,2.507464e-02,1.206264e-01,5.865049e-02,2.246551e-09,1.069572e+00,1351.651335
7.611626e+01,2.507464e-02,1.206264e-01,5.865049e-02,2.246551e-09,1.069572e+00,1351.651335
7.616184e+01,2.526692e-02,1.214391e-01,5.904405e-02,2.258627e-09,1.070706e+00,1351.780657
7.616184e+01,2.526692e-02,1.214391e-01,5.904405e-02,2.258627e-09,1.070706e+00,1351.780657
7.616184e+01,2.526692e-02,1.214391e-01,5.904405e-02,2.258627e-09,1.070706e+00,1351.780657
7.616184e+01,2.526692e-02,1.214391e-01,5.904405e-02,2.258627e-09,1.070706e+00,1351.780657
7.616184e+01,2.526692e-02,1.214391e-01,5.904405e-02,2.258627e-09,1.070706e+00,1351.780657
7.616184e+01,2.526692e-02,1.214391e-01,5.904405e-02,2.258627e-09,1.070706e+00,1351.780657
7.616184e+01,2.526692e-02,1.214391e-01,5.904405e-02,2.258627e-09,1.070706e+00,1351.780657
7.616184e+01,2.526692e-02,1.214391e-01,5.904405e-02,2.258627e-09,1.070706e+00,1351.780657
7.616184e+01,2.526692e-02,1.214391e-01,5.904405e-02,2.258627e-09,1.070706e+00,1351.780657
7.636498e+01,2.543069e-02,1.220915e-01,5.947390e-02,2.262329e-09,1.074727e+00,1360.103354
7.636498e+01,2.543069e-02,1.220915e-01,5.947390e-02,2.262329e-09,1.074727e+00,1360.103354
7.636498e+01,2.543069e-02,1.220915e-01,5.947390e-02,2.262329e-09,1.074727e+00,1360.103354
7.636498e+01,2.543069e-02,1.220915e-01,5.947390e-02,2.262329e-09,1.074727e+00,1360.103354
7.636498e+01,2.543069e-02,1.220915e-01,5.947390e-02,2.262329e-09,1.074727e+00,1360.103354
7.636498e+01,2.543069e-02,1.220915e-01,5.947390e-02,2.262329e-09,1.074727e+00,1360.103354
7.636498e+01,2.543069e-02,1.220915e-01,5.947390e-02,2.262329e-09,1.074727e+00,1360.103354
7.636498e+01,2.543069e-02,1.220915e-01,5.947390e-02,2.262329e-09,1.074727e+00,1360.103354
7.636498e+01,2.543069e-02,1.220915e-01,5.947390e-02,2.262329e-09,1.074727e+00,1360.103354
7.636498e+01,2.543069e-02,1.220915e-01,5.947390e-02,2.262329e-09,1.074727e+00,1360.103354
7.636498e+01,2.543069e-02,1.220915e-01,5.947390e-02,2.262329e-09,1.074727e+00,1360.103354
7.636498e+01,2.543069e-02,1.220915e-01,5.947390e-02,2.262329e-09,1.074727e+00,1360.103354
7.636498e+01,2.543069e-02,1.220915e-01,5.947390e-02,2.262329e-09,1.074727e+00,1360.103354
7.636498e+01,2.543069e-02,1.220915e-01,5.947390e-02,2.262329e-09,1.074727e+00,1360.103354
7.636498e+01,2.543069e-02,1.220915e-01,5.947390e-02,2.262329e-09,1.074727e+00,1360.103354
7.636498e+01,2.543069e-02,1.220915e-01,5.947390e-02,2.262329e-09,1.074727e+00,1360.103354
7.636498e+01,2.543069e-02,1.220915e-01,5.947390e-02,2.262329e-09,1.074727e+00,1360.103354
7.636498e+01,2.543069e-02,1.220915e-01,5.947390e-02,2.262329e-09,1.074727e+00,1360.103354
7.660885e+01,2.560386e-02,1.223494e-01,5.960999e-02,2.269454e-09,1.076199e+00,1360.713176
7.660885e+01,2.560386e-02,1.223494e-01,5.960999e-02,2.269454e-09,1.076199e+00,1360.713176
7.660885e+01,2.560386e-02,1.223494e-01,5.960999e-02,2.269454e-09,1.076199e+00,1360.713176
7.660885e+01,2.560386e-02,1.223494e-01,5.960999e-02,2.269454e-09,1.076199e+00,1360.713176
7.660885e+01,2.560386e-02,1.223494e-01,5.960999e-02,2.269454e-09,1.076199e+00,1360.713176
7.692071e+01,2.577924e-02,1.226456e-01,5.991222e-02,2.273446e-09,1.078365e+00,1364.296920
7.692071e+01,2.577924e-02,1.226456e-01,5.991222e-02,2.273446e-09,1.078365e+00,1364.296920
7.692071e+01,2.577924e-02,1.226456e-01,5.991222e-02,2.273446e-09,1.078365e+00,1364.296920
7.692071e+01,2.577924e-02,1.226456e-01,5.991222e-02,2.273446e-09,1.078365e+00,1364.296920
7.692071e+01,2.577924e-02,1.226456e-01,5.991222e-02,2.273446e-09,1.078365e+00,1364.296920
7.692071e+01,2.577924e-02,1.226456e-01,5.991222e-02,2.273446e-09,1.078365e+00,1364.296920
7.692071e+01,2.577924e-02,1.226456e-01,5.991222e-02,2.273446e-09,1.078365e+00,1364.296920
7.692071e+01,2.577924e-02,1.226456e-01,5.991222e-02,2.273446e-09,1.078365e+00,1364.296920
7.692071e+01,2.577924e-02,1.226456e-01,5.991222e-02,2.273446e-09,1.078365e+00,1364.296920
7.692071e+01,2.577924e-02,1.226456e-01,5.991222e-02,2.273446e-09,1.078365e+00,1364.296920
7.692071e+01,2.577924e-02,1.226456e-01,5.991222e-02,2.273446e-09,1.078365e+00,1364.296920
7.692071e+01,2.577924e-02,1.226456e-01,5.991222e-02,2.273446e-09,1.078365e+00,1364.296920
7.692071e+01,2.577924e-02,1.226456e-01,5.991222e-02,2.273446e-09,1.078365e+00,1364.296920
7.692071e+01,2.577924e-02,1.226456e-01,5.991222e-02,2.273446e-09,1.078365e+00,1364.296920
7.692071e+01,2.577924e-02,1.226456e-01,5.991222e-02,2.273446e-09,1.078365e+00,1364.296920
7.692071e+01,2.577924e-02,1.226456e-01,5.991222e-02,2.273446e-09,1.078365e+00,1364.296920
7.692071e+01,2.577924e-02,1.226456e-01,5.991222e-02,2.273446e-09,1.078365e+00,1364.296920
7.692071e+01,2.577924e-02,1.226456e-01,5.991222e-02,2.273446e-09,1.078365e+00,1364.296920
7.692071e+01,2.577924e-02,1.226456e-01,5.991222e-02,2.273446e-09,1.078365e+00,1364.296920
7.692071e+01,2.577924e-02,1.226456e-01,5.991222e-02,2.273446e-09,1.078365e+00,1364.296920
7.692071e+01,2.577924e-02,1.226456e-01,5.991222e-02,2.273446e-09,1.078365e+00,1364.296920
7.692071e+01,2.577924e-02,1.226456e-01,5.991222e-02,2.273446e-09,1.078365e+00,1364.296920
7.692071e+01,2.577924e-02,1.226456e-01,5.991222e-02,2.273446e-09,1.078365e+00,1364.296920
7.692071e+01,2.577924e-02,1.226456e-01,5.991222e-02,2.273446e-09,1.078365e+00,1364.296920
7.692071e+01,2.577924e-02,1.226456e-01,5.991222e-02,2.273446e-09,1.078365e+00,1364.296920
7.692071e+01,2.577924e-02,1.226456e-01,5.991222e-02,2.273446e-09,1.078365e+00,1364.296920
7.692071e+01,2.577924e-02,1.226456e-01,5.991222e-02,2.273446e-09,1.078365e+00,1364.296920
7.692071e+01,2.577924e-02,1.226456e-01,5.991222e-02,2.273446e-09,1.078365e+00,1364.296920
7.692071e+01,2.577924e-02,1.226456e-01,5.991222e-02,2.273446e-09,1.078365e+00,1364.296920
7.692071e+01,2.577924e-02,1.226456e-01,5.991222e-02,2.273446e-09,1.078365e+00,1364.296920
7.692071e+01,2.577924e-02,1.226456e-01,5.991222e-02,2.273446e-09,1.078365e+00,1364.296920
7.692071e+01,2.577924e-02,1.226456e-01,5.991222e-02,2.273446e-09,1.078365e+00,1364.296920
7.692071e+01,2.577924e-02,1.226456e-01,5.991222e-02,2.273446e-09,1.078365e+00,1364.296920
7.692071e+01,2.577924e-02,1.226456e-01,5.991222e-02,2.273446e-09,1.078365e+00,1364.296920
7.692071e+01,2.577924e-02,1.226456e-01,5.991222e-02,2.273446e-09,1.078365e+00,1364.296920
7.692071e+01,2.577924e-02,1.226456e-01,5.991222e-02,2.273446e-09,1.078365e+00,1364.296920
7.692071e+01,2.577924e-02,1.226456e-01,5.991222e-02,2.273446e-09,1.078365e+00,1364.296920
7.692071e+01,2.577924e-02,1.226456e-01,5.991222e-02,2.273446e-09,1.078365e+00,1364.296920
7.692071e+01,2.577924e-02,1.226456e-01,5.991222e-02,2.273446e-09,1.078365e+00,1364.296920
7.692071e+01,2.577924e-02,1.226456e-01,5.991222e-02,2.273446e-09,1.078365e+00,1364.296920
7.692071e+01,2.577924e-02,1.226456e-01,5.991222e-02,2.273446e-09,1.078365e+00,1364.296920
7.692071e+01,2.577924e-02,1.226456e-01,5.991222e-02,2.273446e-09,1.078365e+00,1364.296920
7.692071e+01,2.577924e-02,1.226456e-01,5.991222e-02,2.273446e-09,1.078365e+00,1364.296920
7.692071e+01,2.577924e-02,1.226456e-01,5.991222e-02,2.273446e-09,1.078365e+00,1364.296920
7.692071e+01,2.577924e-02,1.226456e-01,5.991222e-02,2.273446e-09,1.078365e+00,1364.296920
7.692071e+01,2.577924e-02,1.226456e-01,5.991222e-02,2.273446e-09,1.078365e+00,1364.296920
7.692071e+01,2.577924e-02,1.226456e-01,5.991222e-02,2.273446e-09,1.078365e+00,1364.296920
7.692071e+01,2.577924e-02,1.226456e-01,5.991222e-02,2.273446e-09,1.078365e+00,1364.296920
7.692071e+01,2.577924e-02,1.226456e-01,5.991222e-02,2.273446e-09,1.078365e+00,1364.296920
7.692071e+01,2.577924e-02,1.226456e-01,5.991222e-02,2.273446e-09,1.078365e+00,1364.296920
7.692071e+01,2.577924e-02,1.226456e-01,5.991222e-02,2.273446e-09,1.078365e+00,1364.296920
7.692071e+01,2.577924e-02,1.226456e-01,5.991222e-02,2.273446e-09,1.078365e+00,1364.296920
7.692071e+01,2.577924e-02,1.226456e-01,5.991222e-02,2.273446e-09,1.078365e+00,1364.296920
7.692071e+01,2.577924e-02,1.226456e-01,5.991222e-02,2.273446e-09,1.078365e+00,1364.296920
7.692071e+01,2.577924e-02,1.226456e-01,5.991222e-02,2.273446e-09,1.078365e+00,1364.296920
7.692071e+01,2.577924e-02,1.226456e-01,5.991222e-02,2.273446e-09,1.078365e+00,1364.296920
7.692071e+01,2.577924e-02,1.226456e-01,5.991222e-02,2.273446e-09,1.078365e+00,1364.296920
7.692071e+01,2.577924e-02,1.226456e-01,5.991222e-02,2.273446e-09,1.078365e+00,1364.296920
7.692071e+01,2.577924e-02,1.226456e-01,5.991222e-02,2.273446e-09,1.078365e+00,1364.296920
7.692071e+01,2.577924e-02,1.226456e-01,5.991222e-02,2.273446e-09,1.078365e+00,1364.296920
7.692071e+01,2.577924e-02,1.226456e-01,5.991222e-02,2.273446e-09,1.078365e+00,1364.296920
7.692071e+01,2.577924e-02,1.226456e-01,5.991222e-02,2.273446e-09,1.078365e+00,1364.296920
7.692071e+01,2.577924e-02,1.226456e-01,5.991222e-02,2.273446e-09,1.078365e+00,1364.296920
7.692071e+01,2.577924e-02,1.226456e-01,5.991222e-02,2.273446e-09,1.078365e+00,1364.296920
7.692071e+01,2.577924e-02,1.226456e-01,5.991222e-02,2.273446e-09,1.078365e+00,1364.296920
7.692071e+01,2.577924e-02,1.226456e-01,5.991222e-02,2.273446e-09,1.078365e+00,1364.296920
7.692071e+01,2.577924e-02,1.226456e-01,5.991222e-02,2.273446e-09,1.078365e+00,1364.296920
7.692071e+01,2.577924e-02,1.226456e-01,5.991222e-02,2.273446e-09,1.078365e+00,1364.296920
7.692071e+01,2.577924e-02,1.226456e-01,5.991222e-02,2.273446e-09,1.078365e+00,1364.296920
7.692071e+01,2.577924e-02,1.226456e-01,5.991222e-02,2.273446e-09,1.078365e+00,1364.296920
7.692071e+01,2.577924e-02,1.226456e-01,5.991222e-02,2.273446e-09,1.078365e+00,1364.296920
7.692071e+01,2.577924e-02,1.226456e-01,5.991222e-02,2.273446e-09,1.078365e+00,1364.296920
7.692071e+01,2.577924e-02,1.226456e-01,5.991222e-02,2.273446e-09,1.078365e+00,1364.296920
7.692071e+01,2.577924e-02,1.226456e-01,5.991222e-02,2.273446e-09,1.078365e+00,1364.296920
7.692071e+01,2.577924e-02,1.226456e-01,5.991222e-02,2.273446e-09,1.078365e+00,1364.296920
7.692071e+01,2.577924e-02,1.226456e-01,5.991222e-02,2.273446e-09,1.078365e+00,1364.296920
7.692071e+01,2.577924e-02,1.226456e-01,5.991222e-02,2.273446e-09,1.078365e+00,1364.296920
7.692071e+01,2.577924e-02,1.226456e-01,5.991222e-02,2.273446e-09,1.078365e+00,1364.296920
7.692071e+01,2.577924e-02,1.226456e-01,5.991222e-02,2.273446e-09,1.078365e+00,1364.296920
7.692071e+01,2.577924e-02,1.226456e-01,5.991222e-02,2.273446e-09,1.078365e+00,1364.296920
7.692071e+01,2.577924e-02,1.226456e-01,5.991222e-02,2.273446e-09,1.078365e+00,1364.296920
7.692071e+01,2.577924e-02,1.226456e-01,5.991222e-02,2.273446e-09,1.078365e+00,1364.296920
7.692071e+01,2.577924e-02,1.226456e-01,5.991222e-02,2.273446e-09,1.078365e+00,1364.296920
7.692071e+01,2.577924e-02,1.226456e-01,5.991222e-02,2.273446e-09,1.078365e+00,1364.296920
7.692071e+01,2.577924e-02,1.226456e-01,5.991222e-02,2.273446e-09,1.078365e+00,1364.296920
7.692071e+01,2.577924e-02,1.226456e-01,5.991222e-02,2.273446e-09,1.078365e+00,1364.296920
7.692071e+01,2.577924e-02,1.226456e-01,5.991222e-02,2.273446e-09,1.078365e+00,1364.296920
7.692071e+01,2.577924e-02,1.226456e-01,5.991222e-02,2.273446e-09,1.078365e+00,1364.296920
7.692071e+01,2.577924e-02,1.226456e-01,5.991222e-02,2.273446e-09,1.078365e+00,1364.296920
7.692071e+01,2.577924e-02,1.226456e-01,5.991222e-02,2.273446e-09,1.078365e+00,1364.296920
7.692071e+01,2.577924e-02,1.226456e-01,5.991222e-02,2.273446e-09,1.078365e+00,1364.296920
7.692071e+01,2.577924e-02,1.226456e-01,5.991222e-02,2.273446e-09,1.078365e+00,1364.296920
7.692071e+01,2.577924e-02,1.226456e-01,5.991222e-02,2.273446e-09,1.078365e+00,1364.296920
7.692071e+01,2.577924e-02,1.226456e-01,5.991222e-02,2.273446e-09,1.078365e+00,1364.296920
7.692071e+01,2.577924e-02,1.226456e-01,5.991222e-02,2.273446e-09,1.078365e+00,1364.296920
7.692071e+01,2.577924e-02,1.226456e-01,5.991222e-02,2.273446e-09,1.078365e+00,1364.296920
7.692071e+01,2.577924e-02,1.226456e-01,5.991222e-02,2.273446e-09,1.078365e+00,1364.296920
7.692071e+01,2.577924e-02,1.226456e-01,5.991222e-02,2.273446e-09,1.078365e+00,1364.296920
7.692071e+01,2.577924e-02,1.226456e-01,5.991222e-02,2.273446e-09,1.078365e+00,1364.296920
7.692071e+01,2.577924e-02,1.226456e-01,5.991222e-02,2.273446e-09,1.078365e+00,1364.296920
7.692071e+01,2.577924e-02,1.226456e-01,5.991222e-02,2.273446e-09,1.078365e+00,1364.296920
7.692071e+01,2.577924e-02,1.226456e-01,5.991222e-02,2.273446e-09,1.078365e+00,1364.296920
7.692071e+01,2.577924e-02,1.226456e-01,5.991222e-02,2.273446e-09,1.078365e+00,1364.296920
7.692071e+01,2.577924e-02,1.226456e-01,5.991222e-02,2.273446e-09,1.078365e+00,1364.296920
7.692071e+01,2.577924e-02,1.226456e-01,5.991222e-02,2.273446e-09,1.078365e+00,1364.296920
7.692071e+01,2.577924e-02,1.226456e-01,5.991222e-02,2.273446e-09,1.078365e+00,1364.296920
7.692071e+01,2.577924e-02,1.226456e-01,5.991222e-02,2.273446e-09,1.078365e+00,1364.296920
7.692071e+01,2.577924e-02,1.226456e-01,5.991222e-02,2.273446e-09,1.078365e+00,1364.296920
7.692071e+01,2.577924e-02,1.226456e-01,5.991222e-02,2.273446e-09,1.078365e+00,1364.296920
7.692071e+01,2.577924e-02,1.226456e-01,5.991222e-02,2.273446e-09,1.078365e+00,1364.296920
7.692071e+01,2.577924e-02,1.226456e-01,5.991222e-02,2.273446e-09,1.078365e+00,1364.296920
7.692071e+01,2.577924e-02,1.226456e-01,5.991222e-02,2.273446e-09,1.078365e+00,1364.296920
7.692071e+01,2.577924e-02,1.226456e-01,5.991222e-02,2.273446e-09,1.078365e+00,1364.296920
7.692071e+01,2.577924e-02,1.226456e-01,5.991222e-02,2.273446e-09,1.078365e+00,1364.296920
7.692071e+01,2.577924e-02,1.226456e-01,5.991222e-02,2.273446e-09,1.078365e+00,1364.296920
7.692071e+01,2.577924e-02,1.226456e-01,5.991222e-02,2.273446e-09,1.078365e+00,1364.296920
7.692071e+01,2.577924e-02,1.226456e-01,5.991222e-02,2.273446e-09,1.078365e+00,1364.296920
7.692071e+01,2.577924e-02,1.226456e-01,5.991222e-02,2.273446e-09,1.078365e+00,1364.296920
7.692071e+01,2.577924e-02,1.226456e-01,5.991222e-02,2.273446e-09,1.078365e+00,1364.296920
7.692071e+01,2.577924e-02,1.226456e-01,5.991222e-02,2.273446e-09,1.078365e+00,1364.296920
7.692071e+01,2.577924e-02,1.226456e-01,5.991222e-02,2.273446e-09,1.078365e+00,1364.296920
7.692071e+01,2.577924e-02,1.226456e-01,5.991222e-02,2.273446e-09,1.078365e+00,1364.296920
7.692071e+01,2.577924e-02,1.226456e-01,5.991222e-02,2.273446e-09,1.078365e+00,1364.296920
7.692071e+01,2.577924e-02,1.226456e-01,5.991222e-02,2.273446e-09,1.078365e+00,1364.296920
7.692071e+01,2.577924e-02,1.226456e-01,5.991222e-02,2.273446e-09,1.078365e+00,1364.296920
7.692071e+01,2.577924e-02,1.226456e-01,5.991222e-02,2.273446e-09,1.078365e+00,1364.296920
7.692071e+01,2.577924e-02,1.226456e-01,5.991222e-02,2.273446e-09,1.078365e+00,1364.296920
7.692071e+01,2.577924e-02,1.226456e-01,5.991222e-02,2.273446e-09,1.078365e+00,1364.296920
7.692071e+01,2.577924e-02,1.226456e-01,5.991222e-02,2.273446e-09,1.078365e+00,1364.296920
7.692071e+01,2.577924e-02,1.226456e-01,5.991222e-02,2.273446e-09,1.078365e+00,1364.296920
7.692071e+01,2.577924e-02,1.226456e-01,5.991222e-02,2.273446e-09,1.078365e+00,1364.296920
7.692071e+01,2.577924e-02,1.226456e-01,5.991222e-02,2.273446e-09,1.078365e+00,1364.296920
7.692071e+01,2.577924e-02,1.226456e-01,5.991222e-02,2.273446e-09,1.078365e+00,1364.296920
7.692071e+01,2.577924e-02,1.226456e-01,5.991222e-02,2.273446e-09,1.078365e+00,1364.296920
7.692071e+01,2.577924e-02,1.226456e-01,5.991222e-02,2.273446e-09,1.078365e+00,1364.296920
7.692071e+01,2.577924e-02,1.226456e-01,5.991222e-02,2.273446e-09,1.078365e+00,1364.296920
7.692071e+01,2.577924e-02,1.226456e-01,5.991222e-02,2.273446e-09,1.078365e+00,1364.296920
7.692071e+01,2.577924e-02,1.226456e-01,5.991222e-02,2.273446e-09,1.078365e+00,1364.296920
7.692071e+01,2.577924e-02,1.226456e-01,5.991222e-02,2.273446e-09,1.078365e+00,1364.296920
7.692071e+01,2.577924e-02,1.226456e-01,5.991222e-02,2.273446e-09,1.078365e+00,1364.296920
7.692071e+01,2.577924e-02,1.226456e-01,5.991222e-02,2.273446e-09,1.078365e+00,1364.296920
7.692071e+01,2.577924e-02,1.226456e-01,5.991222e-02,2.273446e-09,1.078365e+00,1364.296920
7.692071e+01,2.577924e-02,1.226456e-01,5.991222e-02,2.273446e-09,1.078365e+00,1364.296920
7.692071e+01,2.577924e-02,1.226456e-01,5.991222e-02,2.273446e-09,1.078365e+00,1364.296920
7.692071e+01,2.577924e-02,1.226456e-01,5.991222e-02,2.273446e-09,1.078365e+00,1364.296920
7.692071e+01,2.577924e-02,1.226456e-01,5.991222e-02,2.273446e-09,1.078365e+00,1364.296920
7.692071e+01,2.577924e-02,1.226456e-01,5.991222e-02,2.273446e-09,1.078365e+00,1364.296920
7.692071e+01,2.577924e-02,1.226456e-01,5.991222e-02,2.273446e-09,1.078365e+00,1364.296920
7.692071e+01,2.577924e-02,1.226456e-01,5.991222e-02,2.273446e-09,1.078365e+00,1364.296920
7.692071e+01,2.577924e-02,1.226456e-01,5.991222e-02,2.273446e-09,1.078365e+00,1364.296920
7.692071e+01,2.577924e-02,1.226456e-01,5.991222e-02,2.273446e-09,1.078365e+00,1364.296920
7.692071e+01,2.577924e-02,1.226456e-01,5.991222e-02,2.273446e-09,1.078365e+00,1364.296920
7.692071e+01,2.577924e-02,1.226456e-01,5.991222e-02,2.273446e-09,1.078365e+00,1364.296920
7.692071e+01,2.577924e-02,1.226456e-01,5.991222e-02,2.273446e-09,1.078365e+00,1364.296920
7.692071e+01,2.577924e-02,1.226456e-01,5.991222e-02,2.273446e-09,1.078365e+00,1364.296920
7.692071e+01,2.577924e-02,1.226456e-01,5.991222e-02,2.273446e-09,1.078365e+00,1364.296920
7.692071e+01,2.577924e-02,1.226456e-01,5.991222e-02,2.273446e-09,1.078365e+00,1364.296920
7.692071e+01,2.577924e-02,1.226456e-01,5.991222e-02,2.273446e-09,1.078365e+00,1364.296920
7.692071e+01,2.577924e-02,1.226456e-01,5.991222e-02,2.273446e-09,1.078365e+00,1364.296920
7.692071e+01,2.577924e-02,1.226456e-01,5.991222e-02,2.273446e-09,1.078365e+00,1364.296920
7.692071e+01,2.577924e-02,1.226456e-01,5.991222e-02,2.273446e-09,1.078365e+00,1364.296920
7.692071e+01,2.577924e-02,1.226456e-01,5.991222e-02,2.273446e-09,1.078365e+00,1364.296920
7.692071e+01,2.577924e-02,1.226456e-01,5.991222e-02,2.273446e-09,1.078365e+00,1364.296920
7.692071e+01,2.577924e-02,1.226456e-01,5.991222e-02,2.273446e-09,1.078365e+00,1364.296920
7.692071e+01,2.577924e-02,1.226456e-01,5.991222e-02,2.273446e-09,1.078365e+00,1364.296920
7.693759e+01,2.594913e-02,1.228978e-01,6.027814e-02,2.275914e-09,1.081741e+00,1365.921472
7.693759e+01,2.594913e-02,1.228978e-01,6.027814e-02,2.275914e-09,1.081741e+00,1365.921472
7.693759e+01,2.594913e-02,1.228978e-01,6.027814e-02,2.275914e-09,1.081741e+00,1365.921472
7.693759e+01,2.594913e-02,1.228978e-01,6.027814e-02,2.275914e-09,1.081741e+00,1365.921472
7.693759e+01,2.594913e-02,1.228978e-01,6.027814e-02,2.275914e-09,1.081741e+00,1365.921472
7.693759e+01,2.594913e-02,1.228978e-01,6.027814e-02,2.275914e-09,1.081741e+00,1365.921472
7.693759e+01,2.594913e-02,1.228978e-01,6.027814e-02,2.275914e-09,1.081741e+00,1365.921472
7.693759e+01,2.594913e-02,1.228978e-01,6.027814e-02,2.275914e-09,1.081741e+00,1365.921472
7.693759e+01,2.594913e-02,1.228978e-01,6.027814e-02,2.275914e-09,1.081741e+00,1365.921472
7.693759e+01,2.594913e-02,1.228978e-01,6.027814e-02,2.275914e-09,1.081741e+00,1365.921472
7.693759e+01,2.594913e-02,1.228978e-01,6.027814e-02,2.275914e-09,1.081741e+00,1365.921472
7.693759e+01,2.594913e-02,1.228978e-01,6.027814e-02,2.275914e-09,1.081741e+00,1365.921472
7.693759e+01,2.594913e-02,1.228978e-01,6.027814e-02,2.275914e-09,1.081741e+00,1365.921472
7.693759e+01,2.594913e-02,1.228978e-01,6.027814e-02,2.275914e-09,1.081741e+00,1365.921472
7.693759e+01,2.594913e-02,1.228978e-01,6.027814e-02,2.275914e-09,1.081741e+00,1365.921472
7.693759e+01,2.594913e-02,1.228978e-01,6.027814e-02,2.275914e-09,1.081741e+00,1365.921472
7.693759e+01,2.594913e-02,1.228978e-01,6.027814e-02,2.275914e-09,1.081741e+00,1365.921472
7.693759e+01,2.594913e-02,1.228978e-01,6.027814e-02,2.275914e-09,1.081741e+00,1365.921472
7.693759e+01,2.594913e-02,1.228978e-01,6.027814e-02,2.275914e-09,1.081741e+00,1365.921472
7.693759e+01,2.594913e-02,1.228978e-01,6.027814e-02,2.275914e-09,1.081741e+00,1365.921472
7.693759e+01,2.594913e-02,1.228978e-01,6.027814e-02,2.275914e-09,1.081741e+00,1365.921472
7.693759e+01,2.594913e-02,1.228978e-01,6.027814e-02,2.275914e-09,1.081741e+00,1365.921472
7.693759e+01,2.594913e-02,1.228978e-01,6.027814e-02,2.275914e-09,1.081741e+00,1365.921472
7.693759e+01,2.594913e-02,1.228978e-01,6.027814e-02,2.275914e-09,1.081741e+00,1365.921472
7.693759e+01,2.594913e-02,1.228978e-01,6.027814e-02,2.275914e-09,1.081741e+00,1365.921472
7.693759e+01,2.594913e-02,1.228978e-01,6.027814e-02,2.275914e-09,1.081741e+00,1365.921472
7.693759e+01,2.594913e-02,1.228978e-01,6.027814e-02,2.275914e-09,1.081741e+00,1365.921472
7.693759e+01,2.594913e-02,1.228978e-01,6.027814e-02,2.275914e-09,1.081741e+00,1365.921472
7.693759e+01,2.594913e-02,1.228978e-01,6.027814e-02,2.275914e-09,1.081741e+00,1365.921472
7.693759e+01,2.594913e-02,1.228978e-01,6.027814e-02,2.275914e-09,1.081741e+00,1365.921472
7.693759e+01,2.594913e-02,1.228978e-01,6.027814e-02,2.275914e-09,1.081741e+00,1365.921472
7.693759e+01,2.594913e-02,1.228978e-01,6.027814e-02,2.275914e-09,1.081741e+00,1365.921472
7.693759e+01,2.594913e-02,1.228978e-01,6.027814e-02,2.275914e-09,1.081741e+00,1365.921472
7.693759e+01,2.594913e-02,1.228978e-01,6.027814e-02,2.275914e-09,1.081741e+00,1365.921472
7.693759e+01,2.594913e-02,1.228978e-01,6.027814e-02,2.275914e-09,1.081741e+00,1365.921472
7.693759e+01,2.594913e-02,1.228978e-01,6.027814e-02,2.275914e-09,1.081741e+00,1365.921472
7.693759e+01,2.594913e-02,1.228978e-01,6.027814e-02,2.275914e-09,1.081741e+00,1365.921472
7.693759e+01,2.594913e-02,1.228978e-01,6.027814e-02,2.275914e-09,1.081741e+00,1365.921472
7.693759e+01,2.594913e-02,1.228978e-01,6.027814e-02,2.275914e-09,1.081741e+00,1365.921472
7.693759e+01,2.594913e-02,1.228978e-01,6.027814e-02,2.275914e-09,1.081741e+00,1365.921472
7.693759e+01,2.594913e-02,1.228978e-01,6.027814e-02,2.275914e-09,1.081741e+00,1365.921472
7.693759e+01,2.594913e-02,1.228978e-01,6.027814e-02,2.275914e-09,1.081741e+00,1365.921472
7.693759e+01,2.594913e-02,1.228978e-01,6.027814e-02,2.275914e-09,1.081741e+00,1365.921472
7.693759e+01,2.594913e-02,1.228978e-01,6.027814e-02,2.275914e-09,1.081741e+00,1365.921472
7.693759e+01,2.594913e-02,1.228978e-01,6.027814e-02,2.275914e-09,1.081741e+00,1365.921472
7.693759e+01,2.594913e-02,1.228978e-01,6.027814e-02,2.275914e-09,1.081741e+00,1365.921472
7.693759e+01,2.594913e-02,1.228978e-01,6.027814e-02,2.275914e-09,1.081741e+00,1365.921472
7.693759e+01,2.594913e-02,1.228978e-01,6.027814e-02,2.275914e-09,1.081741e+00,1365.921472
7.693759e+01,2.594913e-02,1.228978e-01,6.027814e-02,2.275914e-09,1.081741e+00,1365.921472
7.693759e+01,2.594913e-02,1.228978e-01,6.027814e-02,2.275914e-09,1.081741e+00,1365.921472
7.693759e+01,2.594913e-02,1.228978e-01,6.027814e-02,2.275914e-09,1.081741e+00,1365.921472
7.693759e+01,2.594913e-02,1.228978e-01,6.027814e-02,2.275914e-09,1.081741e+00,1365.921472
7.693759e+01,2.594913e-02,1.228978e-01,6.027814e-02,2.275914e-09,1.081741e+00,1365.921472
7.693759e+01,2.594913e-02,1.228978e-01,6.027814e-02,2.275914e-09,1.081741e+00,1365.921472
7.693759e+01,2.594913e-02,1.228978e-01,6.027814e-02,2.275914e-09,1.081741e+00,1365.921472
7.693759e+01,2.594913e-02,1.228978e-01,6.027814e-02,2.275914e-09,1.081741e+00,1365.921472
7.693759e+01,2.594913e-02,1.228978e-01,6.027814e-02,2.275914e-09,1.081741e+00,1365.921472
7.693759e+01,2.594913e-02,1.228978e-01,6.027814e-02,2.275914e-09,1.081741e+00,1365.921472
7.693759e+01,2.594913e-02,1.228978e-01,6.027814e-02,2.275914e-09,1.081741e+00,1365.921472
7.693759e+01,2.594913e-02,1.228978e-01,6.027814e-02,2.275914e-09,1.081741e+00,1365.921472
7.693759e+01,2.594913e-02,1.228978e-01,6.027814e-02,2.275914e-09,1.081741e+00,1365.921472
7.693759e+01,2.594913e-02,1.228978e-01,6.027814e-02,2.275914e-09,1.081741e+00,1365.921472
7.693759e+01,2.594913e-02,1.228978e-01,6.027814e-02,2.275914e-09,1.081741e+00,1365.921472
7.693759e+01,2.594913e-02,1.228978e-01,6.027814e-02,2.275914e-09,1.081741e+00,1365.921472
7.693759e+01,2.594913e-02,1.228978e-01,6.027814e-02,2.275914e-09,1.081741e+00,1365.921472
7.693759e+01,2.594913e-02,1.228978e-01,6.027814e-02,2.275914e-09,1.081741e+00,1365.921472
7.693759e+01,2.594913e-02,1.228978e-01,6.027814e-02,2.275914e-09,1.081741e+00,1365.921472
7.693759e+01,2.594913e-02,1.228978e-01,6.027814e-02,2.275914e-09,1.081741e+00,1365.921472
7.693759e+01,2.594913e-02,1.228978e-01,6.027814e-02,2.275914e-09,1.081741e+00,1365.921472
7.693759e+01,2.594913e-02,1.228978e-01,6.027814e-02,2.275914e-09,1.081741e+00,1365.921472
7.693759e+01,2.594913e-02,1.228978e-01,6.027814e-02,2.275914e-09,1.081741e+00,1365.921472
7.693759e+01,2.594913e-02,1.228978e-01,6.027814e-02,2.275914e-09,1.081741e+00,1365.921472
7.693759e+01,2.594913e-02,1.228978e-01,6.027814e-02,2.275914e-09,1.081741e+00,1365.921472
7.693759e+01,2.594913e-02,1.228978e-01,6.027814e-02,2.275914e-09,1.081741e+00,1365.921472
7.693759e+01,2.594913e-02,1.228978e-01,6.027814e-02,2.275914e-09,1.081741e+00,1365.921472
7.693759e+01,2.594913e-02,1.228978e-01,6.027814e-02,2.275914e-09,1.081741e+00,1365.921472
7.693759e+01,2.594913e-02,1.228978e-01,6.027814e-02,2.275914e-09,1.081741e+00,1365.921472
7.693759e+01,2.594913e-02,1.228978e-01,6.027814e-02,2.275914e-09,1.081741e+00,1365.921472
7.693759e+01,2.594913e-02,1.228978e-01,6.027814e-02,2.275914e-09,1.081741e+00,1365.921472
7.693759e+01,2.594913e-02,1.228978e-01,6.027814e-02,2.275914e-09,1.081741e+00,1365.921472
7.693759e+01,2.594913e-02,1.228978e-01,6.027814e-02,2.275914e-09,1.081741e+00,1365.921472
7.693759e+01,2.594913e-02,1.228978e-01,6.027814e-02,2.275914e-09,1.081741e+00,1365.921472
7.693759e+01,2.594913e-02,1.228978e-01,6.027814e-02,2.275914e-09,1.081741e+00,1365.921472
7.693759e+01,2.594913e-02,1.228978e-01,6.027814e-02,2.275914e-09,1.081741e+00,1365.921472
7.693759e+01,2.594913e-02,1.228978e-01,6.027814e-02,2.275914e-09,1.081741e+00,1365.921472
7.693759e+01,2.594913e-02,1.228978e-01,6.027814e-02,2.275914e-09,1.081741e+00,1365.921472
7.693759e+01,2.594913e-02,1.228978e-01,6.027814e-02,2.275914e-09,1.081741e+00,1365.921472
7.693759e+01,2.594913e-02,1.228978e-01,6.027814e-02,2.275914e-09,1.081741e+00,1365.921472
7.693759e+01,2.594913e-02,1.228978e-01,6.027814e-02,2.275914e-09,1.081741e+00,1365.921472
7.693759e+01,2.594913e-02,1.228978e-01,6.027814e-02,2.275914e-09,1.081741e+00,1365.921472
7.693759e+01,2.594913e-02,1.228978e-01,6.027814e-02,2.275914e-09,1.081741e+00,1365.921472
7.693759e+01,2.594913e-02,1.228978e-01,6.027814e-02,2.275914e-09,1.081741e+00,1365.921472
7.693759e+01,2.594913e-02,1.228978e-01,6.027814e-02,2.275914e-09,1.081741e+00,1365.921472
7.693759e+01,2.594913e-02,1.228978e-01,6.027814e-02,2.275914e-09,1.081741e+00,1365.921472
7.693759e+01,2.594913e-02,1.228978e-01,6.027814e-02,2.275914e-09,1.081741e+00,1365.921472
7.693759e+01,2.594913e-02,1.228978e-01,6.027814e-02,2.275914e-09,1.081741e+00,1365.921472
7.693759e+01,2.594913e-02,1.228978e-01,6.027814e-02,2.275914e-09,1.081741e+00,1365.921472
7.693759e+01,2.594913e-02,1.228978e-01,6.027814e-02,2.275914e-09,1.081741e+00,1365.921472
7.693759e+01,2.594913e-02,1.228978e-01,6.027814e-02,2.275914e-09,1.081741e+00,1365.921472
7.693759e+01,2.594913e-02,1.228978e-01,6.027814e-02,2.275914e-09,1.081741e+00,1365.921472
7.693759e+01,2.594913e-02,1.228978e-01,6.027814e-02,2.275914e-09,1.081741e+00,1365.921472
7.693759e+01,2.594913e-02,1.228978e-01,6.027814e-02,2.275914e-09,1.081741e+00,1365.921472
7.693759e+01,2.594913e-02,1.228978e-01,6.027814e-02,2.275914e-09,1.081741e+00,1365.921472
7.693759e+01,2.594913e-02,1.228978e-01,6.027814e-02,2.275914e-09,1.081741e+00,1365.921472
7.693759e+01,2.594913e-02,1.228978e-01,6.027814e-02,2.275914e-09,1.081741e+00,1365.921472
7.693759e+01,2.594913e-02,1.228978e-01,6.027814e-02,2.275914e-09,1.081741e+00,1365.921472
7.693759e+01,2.594913e-02,1.228978e-01,6.027814e-02,2.275914e-09,1.081741e+00,1365.921472
7.693759e+01,2.594913e-02,1.228978e-01,6.027814e-02,2.275914e-09,1.081741e+00,1365.921472
7.693759e+01,2.594913e-02,1.228978e-01,6.027814e-02,2.275914e-09,1.081741e+00,1365.921472
7.693759e+01,2.594913e-02,1.228978e-01,6.027814e-02,2.275914e-09,1.081741e+00,1365.921472
7.693759e+01,2.594913e-02,1.228978e-01,6.027814e-02,2.275914e-09,1.081741e+00,1365.921472
7.693759e+01,2.594913e-02,1.228978e-01,6.027814e-02,2.275914e-09,1.081741e+00,1365.921472
7.693759e+01,2.594913e-02,1.228978e-01,6.027814e-02,2.275914e-09,1.081741e+00,1365.921472
7.693759e+01,2.594913e-02,1.228978e-01,6.027814e-02,2.275914e-09,1.081741e+00,1365.921472
7.693759e+01,2.594913e-02,1.228978e-01,6.027814e-02,2.275914e-09,1.081741e+00,1365.921472
7.693759e+01,2.594913e-02,1.228978e-01,6.027814e-02,2.275914e-09,1.081741e+00,1365.921472
7.693759e+01,2.594913e-02,1.228978e-01,6.027814e-02,2.275914e-09,1.081741e+00,1365.921472
7.693759e+01,2.594913e-02,1.228978e-01,6.027814e-02,2.275914e-09,1.081741e+00,1365.921472
7.693759e+01,2.594913e-02,1.228978e-01,6.027814e-02,2.275914e-09,1.081741e+00,1365.921472
7.693759e+01,2.594913e-02,1.228978e-01,6.027814e-02,2.275914e-09,1.081741e+00,1365.921472
7.693759e+01,2.594913e-02,1.228978e-01,6.027814e-02,2.275914e-09,1.081741e+00,1365.921472
7.693759e+01,2.594913e-02,1.228978e-01,6.027814e-02,2.275914e-09,1.081741e+00,1365.921472
7.693759e+01,2.594913e-02,1.228978e-01,6.027814e-02,2.275914e-09,1.081741e+00,1365.921472
7.693759e+01,2.594913e-02,1.228978e-01,6.027814e-02,2.275914e-09,1.081741e+00,1365.921472
7.693759e+01,2.594913e-02,1.228978e-01,6.027814e-02,2.275914e-09,1.081741e+00,1365.921472
7.693759e+01,2.594913e-02,1.228978e-01,6.027814e-02,2.275914e-09,1.081741e+00,1365.921472
7.693759e+01,2.594913e-02,1.228978e-01,6.027814e-02,2.275914e-09,1.081741e+00,1365.921472
7.693759e+01,2.594913e-02,1.228978e-01,6.027814e-02,2.275914e-09,1.081741e+00,1365.921472
7.693759e+01,2.594913e-02,1.228978e-01,6.027814e-02,2.275914e-09,1.081741e+00,1365.921472
7.693759e+01,2.594913e-02,1.228978e-01,6.027814e-02,2.275914e-09,1.081741e+00,1365.921472
7.693759e+01,2.594913e-02,1.228978e-01,6.027814e-02,2.275914e-09,1.081741e+00,1365.921472
7.693759e+01,2.594913e-02,1.228978e-01,6.027814e-02,2.275914e-09,1.081741e+00,1365.921472
7.693759e+01,2.594913e-02,1.228978e-01,6.027814e-02,2.275914e-09,1.081741e+00,1365.921472
7.693759e+01,2.594913e-02,1.228978e-01,6.027814e-02,2.275914e-09,1.081741e+00,1365.921472
7.693759e+01,2.594913e-02,1.228978e-01,6.027814e-02,2.275914e-09,1.081741e+00,1365.921472
7.693759e+01,2.594913e-02,1.228978e-01,6.027814e-02,2.275914e-09,1.081741e+00,1365.921472
7.693759e+01,2.594913e-02,1.228978e-01,6.027814e-02,2.275914e-09,1.081741e+00,1365.921472
7.693759e+01,2.594913e-02,1.228978e-01,6.027814e-02,2.275914e-09,1.081741e+00,1365.921472
7.693759e+01,2.594913e-02,1.228978e-01,6.027814e-02,2.275914e-09,1.081741e+00,1365.921472
7.693759e+01,2.594913e-02,1.228978e-01,6.027814e-02,2.275914e-09,1.081741e+00,1365.921472
7.693759e+01,2.594913e-02,1.228978e-01,6.027814e-02,2.275914e-09,1.081741e+00,1365.921472
7.693759e+01,2.594913e-02,1.228978e-01,6.027814e-02,2.275914e-09,1.081741e+00,1365.921472
7.693759e+01,2.594913e-02,1.228978e-01,6.027814e-02,2.275914e-09,1.081741e+00,1365.921472
7.693759e+01,2.594913e-02,1.228978e-01,6.027814e-02,2.275914e-09,1.081741e+00,1365.921472
7.693759e+01,2.594913e-02,1.228978e-01,6.027814e-02,2.275914e-09,1.081741e+00,1365.921472
7.693759e+01,2.594913e-02,1.228978e-01,6.027814e-02,2.275914e-09,1.081741e+00,1365.921472
7.693759e+01,2.594913e-02,1.228978e-01,6.027814e-02,2.275914e-09,1.081741e+00,1365.921472
7.693759e+01,2.594913e-02,1.228978e-01,6.027814e-02,2.275914e-09,1.081741e+00,1365.921472
7.693759e+01,2.594913e-02,1.228978e-01,6.027814e-02,2.275914e-09,1.081741e+00,1365.921472
7.693759e+01,2.594913e-02,1.228978e-01,6.027814e-02,2.275914e-09,1.081741e+00,1365.921472
7.693759e+01,2.594913e-02,1.228978e-01,6.027814e-02,2.275914e-09,1.081741e+00,1365.921472
7.693759e+01,2.594913e-02,1.228978e-01,6.027814e-02,2.275914e-09,1.081741e+00,1365.921472
7.693759e+01,2.594913e-02,1.228978e-01,6.027814e-02,2.275914e-09,1.081741e+00,1365.921472
7.693759e+01,2.594913e-02,1.228978e-01,6.027814e-02,2.275914e-09,1.081741e+00,1365.921472
7.693759e+01,2.594913e-02,1.228978e-01,6.027814e-02,2.275914e-09,1.081741e+00,1365.921472
7.693759e+01,2.594913e-02,1.228978e-01,6.027814e-02,2.275914e-09,1.081741e+00,1365.921472
7.693759e+01,2.594913e-02,1.228978e-01,6.027814e-02,2.275914e-09,1.081741e+00,1365.921472
7.714296e+01,2.608853e-02,1.233341e-01,6.032229e-02,2.292712e-09,1.082095e+00,1368.418190
7.714296e+01,2.608853e-02,1.233341e-01,6.032229e-02,2.292712e-09,1.082095e+00,1368.418190
7.714296e+01,2.608853e-02,1.233341e-01,6.032229e-02,2.292712e-09,1.082095e+00,1368.418190
7.714296e+01,2.608853e-02,1.233341e-01,6.032229e-02,2.292712e-09,1.082095e+00,1368.418190
7.714296e+01,2.608853e-02,1.233341e-01,6.032229e-02,2.292712e-09,1.082095e+00,1368.418190
7.714296e+01,2.608853e-02,1.233341e-01,6.032229e-02,2.292712e-09,1.082095e+00,1368.418190
7.714296e+01,2.608853e-02,1.233341e-01,6.032229e-02,2.292712e-09,1.082095e+00,1368.418190
7.714296e+01,2.608853e-02,1.233341e-01,6.032229e-02,2.292712e-09,1.082095e+00,1368.418190
7.714296e+01,2.608853e-02,1.233341e-01,6.032229e-02,2.292712e-09,1.082095e+00,1368.418190
7.714296e+01,2.608853e-02,1.233341e-01,6.032229e-02,2.292712e-09,1.082095e+00,1368.418190
7.714296e+01,2.608853e-02,1.233341e-01,6.032229e-02,2.292712e-09,1.082095e+00,1368.418190
7.714296e+01,2.608853e-02,1.233341e-01,6.032229e-02,2.292712e-09,1.082095e+00,1368.418190
7.714296e+01,2.608853e-02,1.233341e-01,6.032229e-02,2.292712e-09,1.082095e+00,1368.418190
7.714296e+01,2.608853e-02,1.233341e-01,6.032229e-02,2.292712e-09,1.082095e+00,1368.418190
7.714296e+01,2.608853e-02,1.233341e-01,6.032229e-02,2.292712e-09,1.082095e+00,1368.418190
7.714296e+01,2.608853e-02,1.233341e-01,6.032229e-02,2.292712e-09,1.082095e+00,1368.418190
7.714296e+01,2.608853e-02,1.233341e-01,6.032229e-02,2.292712e-09,1.082095e+00,1368.418190
7.714296e+01,2.608853e-02,1.233341e-01,6.032229e-02,2.292712e-09,1.082095e+00,1368.418190
7.714296e+01,2.608853e-02,1.233341e-01,6.032229e-02,2.292712e-09,1.082095e+00,1368.418190
7.714296e+01,2.608853e-02,1.233341e-01,6.032229e-02,2.292712e-09,1.082095e+00,1368.418190
7.714296e+01,2.608853e-02,1.233341e-01,6.032229e-02,2.292712e-09,1.082095e+00,1368.418190
7.714296e+01,2.608853e-02,1.233341e-01,6.032229e-02,2.292712e-09,1.082095e+00,1368.418190
7.714296e+01,2.608853e-02,1.233341e-01,6.032229e-02,2.292712e-09,1.082095e+00,1368.418190
7.714296e+01,2.608853e-02,1.233341e-01,6.032229e-02,2.292712e-09,1.082095e+00,1368.418190
7.714296e+01,2.608853e-02,1.233341e-01,6.032229e-02,2.292712e-09,1.082095e+00,1368.418190
7.714296e+01,2.608853e-02,1.233341e-01,6.032229e-02,2.292712e-09,1.082095e+00,1368.418190
7.714296e+01,2.608853e-02,1.233341e-01,6.032229e-02,2.292712e-09,1.082095e+00,1368.418190
7.714296e+01,2.608853e-02,1.233341e-01,6.032229e-02,2.292712e-09,1.082095e+00,1368.418190
7.714296e+01,2.608853e-02,1.233341e-01,6.032229e-02,2.292712e-09,1.082095e+00,1368.418190
7.714296e+01,2.608853e-02,1.233341e-01,6.032229e-02,2.292712e-09,1.082095e+00,1368.418190
7.714296e+01,2.608853e-02,1.233341e-01,6.032229e-02,2.292712e-09,1.082095e+00,1368.418190
7.714296e+01,2.608853e-02,1.233341e-01,6.032229e-02,2.292712e-09,1.082095e+00,1368.418190
7.714296e+01,2.608853e-02,1.233341e-01,6.032229e-02,2.292712e-09,1.082095e+00,1368.418190
7.722896e+01,2.625186e-02,1.233576e-01,6.075621e-02,2.306349e-09,1.082140e+00,1368.292640
7.722896e+01,2.625186e-02,1.233576e-01,6.075621e-02,2.306349e-09,1.082140e+00,1368.292640
7.722896e+01,2.625186e-02,1.233576e-01,6.075621e-02,2.306349e-09,1.082140e+00,1368.292640
7.722896e+01,2.625186e-02,1.233576e-01,6.075621e-02,2.306349e-09,1.082140e+00,1368.292640
7.722896e+01,2.625186e-02,1.233576e-01,6.075621e-02,2.306349e-09,1.082140e+00,1368.292640
7.722896e+01,2.625186e-02,1.233576e-01,6.075621e-02,2.306349e-09,1.082140e+00,1368.292640
7.722896e+01,2.625186e-02,1.233576e-01,6.075621e-02,2.306349e-09,1.082140e+00,1368.292640
7.722896e+01,2.625186e-02,1.233576e-01,6.075621e-02,2.306349e-09,1.082140e+00,1368.292640
7.722896e+01,2.625186e-02,1.233576e-01,6.075621e-02,2.306349e-09,1.082140e+00,1368.292640
7.722896e+01,2.625186e-02,1.233576e-01,6.075621e-02,2.306349e-09,1.082140e+00,1368.292640
7.722896e+01,2.625186e-02,1.233576e-01,6.075621e-02,2.306349e-09,1.082140e+00,1368.292640
7.722896e+01,2.625186e-02,1.233576e-01,6.075621e-02,2.306349e-09,1.082140e+00,1368.292640
7.722896e+01,2.625186e-02,1.233576e-01,6.075621e-02,2.306349e-09,1.082140e+00,1368.292640
7.722896e+01,2.625186e-02,1.233576e-01,6.075621e-02,2.306349e-09,1.082140e+00,1368.292640
7.722896e+01,2.625186e-02,1.233576e-01,6.075621e-02,2.306349e-09,1.082140e+00,1368.292640
7.722896e+01,2.625186e-02,1.233576e-01,6.075621e-02,2.306349e-09,1.082140e+00,1368.292640
7.722896e+01,2.625186e-02,1.233576e-01,6.075621e-02,2.306349e-09,1.082140e+00,1368.292640
7.722896e+01,2.625186e-02,1.233576e-01,6.075621e-02,2.306349e-09,1.082140e+00,1368.292640
7.722896e+01,2.625186e-02,1.233576e-01,6.075621e-02,2.306349e-09,1.082140e+00,1368.292640
7.722896e+01,2.625186e-02,1.233576e-01,6.075621e-02,2.306349e-09,1.082140e+00,1368.292640
7.722896e+01,2.625186e-02,1.233576e-01,6.075621e-02,2.306349e-09,1.082140e+00,1368.292640
7.722896e+01,2.625186e-02,1.233576e-01,6.075621e-02,2.306349e-09,1.082140e+00,1368.292640
7.722896e+01,2.625186e-02,1.233576e-01,6.075621e-02,2.306349e-09,1.082140e+00,1368.292640
7.722896e+01,2.625186e-02,1.233576e-01,6.075621e-02,2.306349e-09,1.082140e+00,1368.292640
7.722896e+01,2.625186e-02,1.233576e-01,6.075621e-02,2.306349e-09,1.082140e+00,1368.292640
7.722896e+01,2.625186e-02,1.233576e-01,6.075621e-02,2.306349e-09,1.082140e+00,1368.292640
7.722896e+01,2.625186e-02,1.233576e-01,6.075621e-02,2.306349e-09,1.082140e+00,1368.292640
7.722896e+01,2.625186e-02,1.233576e-01,6.075621e-02,2.306349e-09,1.082140e+00,1368.292640
7.722896e+01,2.625186e-02,1.233576e-01,6.075621e-02,2.306349e-09,1.082140e+00,1368.292640
7.722896e+01,2.625186e-02,1.233576e-01,6.075621e-02,2.306349e-09,1.082140e+00,1368.292640
7.722896e+01,2.625186e-02,1.233576e-01,6.075621e-02,2.306349e-09,1.082140e+00,1368.292640
7.722896e+01,2.625186e-02,1.233576e-01,6.075621e-02,2.306349e-09,1.082140e+00,1368.292640
7.722896e+01,2.625186e-02,1.233576e-01,6.075621e-02,2.306349e-09,1.082140e+00,1368.292640
7.722896e+01,2.625186e-02,1.233576e-01,6.075621e-02,2.306349e-09,1.082140e+00,1368.292640
7.722896e+01,2.625186e-02,1.233576e-01,6.075621e-02,2.306349e-09,1.082140e+00,1368.292640
7.722896e+01,2.625186e-02,1.233576e-01,6.075621e-02,2.306349e-09,1.082140e+00,1368.292640
7.722896e+01,2.625186e-02,1.233576e-01,6.075621e-02,2.306349e-09,1.082140e+00,1368.292640
7.722896e+01,2.625186e-02,1.233576e-01,6.075621e-02,2.306349e-09,1.082140e+00,1368.292640
7.722896e+01,2.625186e-02,1.233576e-01,6.075621e-02,2.306349e-09,1.082140e+00,1368.292640
7.722896e+01,2.625186e-02,1.233576e-01,6.075621e-02,2.306349e-09,1.082140e+00,1368.292640
7.722896e+01,2.625186e-02,1.233576e-01,6.075621e-02,2.306349e-09,1.082140e+00,1368.292640
7.722896e+01,2.625186e-02,1.233576e-01,6.075621e-02,2.306349e-09,1.082140e+00,1368.292640
7.722896e+01,2.625186e-02,1.233576e-01,6.075621e-02,2.306349e-09,1.082140e+00,1368.292640
7.722896e+01,2.625186e-02,1.233576e-01,6.075621e-02,2.306349e-09,1.082140e+00,1368.292640
7.722896e+01,2.625186e-02,1.233576e-01,6.075621e-02,2.306349e-09,1.082140e+00,1368.292640
7.722896e+01,2.625186e-02,1.233576e-01,6.075621e-02,2.306349e-09,1.082140e+00,1368.292640
7.722896e+01,2.625186e-02,1.233576e-01,6.075621e-02,2.306349e-09,1.082140e+00,1368.292640
7.722896e+01,2.625186e-02,1.233576e-01,6.075621e-02,2.306349e-09,1.082140e+00,1368.292640
7.722896e+01,2.625186e-02,1.233576e-01,6.075621e-02,2.306349e-09,1.082140e+00,1368.292640
7.722896e+01,2.625186e-02,1.233576e-01,6.075621e-02,2.306349e-09,1.082140e+00,1368.292640
7.722896e+01,2.625186e-02,1.233576e-01,6.075621e-02,2.306349e-09,1.082140e+00,1368.292640
7.722896e+01,2.625186e-02,1.233576e-01,6.075621e-02,2.306349e-09,1.082140e+00,1368.292640
7.722896e+01,2.625186e-02,1.233576e-01,6.075621e-02,2.306349e-09,1.082140e+00,1368.292640
7.722896e+01,2.625186e-02,1.233576e-01,6.075621e-02,2.306349e-09,1.082140e+00,1368.292640
7.722896e+01,2.625186e-02,1.233576e-01,6.075621e-02,2.306349e-09,1.082140e+00,1368.292640
7.722896e+01,2.625186e-02,1.233576e-01,6.075621e-02,2.306349e-09,1.082140e+00,1368.292640
7.722896e+01,2.625186e-02,1.233576e-01,6.075621e-02,2.306349e-09,1.082140e+00,1368.292640
7.722896e+01,2.625186e-02,1.233576e-01,6.075621e-02,2.306349e-09,1.082140e+00,1368.292640
7.722896e+01,2.625186e-02,1.233576e-01,6.075621e-02,2.306349e-09,1.082140e+00,1368.292640
7.722896e+01,2.625186e-02,1.233576e-01,6.075621e-02,2.306349e-09,1.082140e+00,1368.292640
7.722896e+01,2.625186e-02,1.233576e-01,6.075621e-02,2.306349e-09,1.082140e+00,1368.292640
7.722896e+01,2.625186e-02,1.233576e-01,6.075621e-02,2.306349e-09,1.082140e+00,1368.292640
7.722896e+01,2.625186e-02,1.233576e-01,6.075621e-02,2.306349e-09,1.082140e+00,1368.292640
7.722896e+01,2.625186e-02,1.233576e-01,6.075621e-02,2.306349e-09,1.082140e+00,1368.292640
7.722896e+01,2.625186e-02,1.233576e-01,6.075621e-02,2.306349e-09,1.082140e+00,1368.292640
7.722896e+01,2.625186e-02,1.233576e-01,6.075621e-02,2.306349e-09,1.082140e+00,1368.292640
7.722896e+01,2.625186e-02,1.233576e-01,6.075621e-02,2.306349e-09,1.082140e+00,1368.292640
7.722896e+01,2.625186e-02,1.233576e-01,6.075621e-02,2.306349e-09,1.082140e+00,1368.292640
7.722896e+01,2.625186e-02,1.233576e-01,6.075621e-02,2.306349e-09,1.082140e+00,1368.292640
7.722896e+01,2.625186e-02,1.233576e-01,6.075621e-02,2.306349e-09,1.082140e+00,1368.292640
7.722896e+01,2.625186e-02,1.233576e-01,6.075621e-02,2.306349e-09,1.082140e+00,1368.292640
7.722896e+01,2.625186e-02,1.233576e-01,6.075621e-02,2.306349e-09,1.082140e+00,1368.292640
7.722896e+01,2.625186e-02,1.233576e-01,6.075621e-02,2.306349e-09,1.082140e+00,1368.292640
7.722896e+01,2.625186e-02,1.233576e-01,6.075621e-02,2.306349e-09,1.082140e+00,1368.292640
7.722896e+01,2.625186e-02,1.233576e-01,6.075621e-02,2.306349e-09,1.082140e+00,1368.292640
7.750023e+01,2.643282e-02,1.235783e-01,6.124469e-02,2.307647e-09,1.084273e+00,1368.989022
7.750023e+01,2.643282e-02,1.235783e-01,6.124469e-02,2.307647e-09,1.084273e+00,1368.989022
7.750023e+01,2.643282e-02,1.235783e-01,6.124469e-02,2.307647e-09,1.084273e+00,1368.989022
7.750023e+01,2.643282e-02,1.235783e-01,6.124469e-02,2.307647e-09,1.084273e+00,1368.989022
7.750023e+01,2.643282e-02,1.235783e-01,6.124469e-02,2.307647e-09,1.084273e+00,1368.989022
7.750023e+01,2.643282e-02,1.235783e-01,6.124469e-02,2.307647e-09,1.084273e+00,1368.989022
7.750023e+01,2.643282e-02,1.235783e-01,6.124469e-02,2.307647e-09,1.084273e+00,1368.989022
7.750023e+01,2.643282e-02,1.235783e-01,6.124469e-02,2.307647e-09,1.084273e+00,1368.989022
7.750023e+01,2.643282e-02,1.235783e-01,6.124469e-02,2.307647e-09,1.084273e+00,1368.989022
7.750023e+01,2.643282e-02,1.235783e-01,6.124469e-02,2.307647e-09,1.084273e+00,1368.989022
7.788367e+01,2.657008e-02,1.239511e-01,6.131130e-02,2.310624e-09,1.086741e+00,1376.450486
7.788367e+01,2.657008e-02,1.239511e-01,6.131130e-02,2.310624e-09,1.086741e+00,1376.450486
7.788367e+01,2.657008e-02,1.239511e-01,6.131130e-02,2.310624e-09,1.086741e+00,1376.450486
7.788367e+01,2.657008e-02,1.239511e-01,6.131130e-02,2.310624e-09,1.086741e+00,1376.450486
7.788367e+01,2.657008e-02,1.239511e-01,6.131130e-02,2.310624e-09,1.086741e+00,1376.450486
7.788367e+01,2.657008e-02,1.239511e-01,6.131130e-02,2.310624e-09,1.086741e+00,1376.450486
7.788367e+01,2.657008e-02,1.239511e-01,6.131130e-02,2.310624e-09,1.086741e+00,1376.450486
7.788367e+01,2.657008e-02,1.239511e-01,6.131130e-02,2.310624e-09,1.086741e+00,1376.450486
7.788367e+01,2.657008e-02,1.239511e-01,6.131130e-02,2.310624e-09,1.086741e+00,1376.450486
7.788367e+01,2.657008e-02,1.239511e-01,6.131130e-02,2.310624e-09,1.086741e+00,1376.450486
7.788367e+01,2.657008e-02,1.239511e-01,6.131130e-02,2.310624e-09,1.086741e+00,1376.450486
7.788367e+01,2.657008e-02,1.239511e-01,6.131130e-02,2.310624e-09,1.086741e+00,1376.450486
7.788367e+01,2.657008e-02,1.239511e-01,6.131130e-02,2.310624e-09,1.086741e+00,1376.450486
7.788367e+01,2.657008e-02,1.239511e-01,6.131130e-02,2.310624e-09,1.086741e+00,1376.450486
7.788367e+01,2.657008e-02,1.239511e-01,6.131130e-02,2.310624e-09,1.086741e+00,1376.450486
7.788367e+01,2.657008e-02,1.239511e-01,6.131130e-02,2.310624e-09,1.086741e+00,1376.450486
7.788367e+01,2.657008e-02,1.239511e-01,6.131130e-02,2.310624e-09,1.086741e+00,1376.450486
7.788367e+01,2.657008e-02,1.239511e-01,6.131130e-02,2.310624e-09,1.086741e+00,1376.450486
7.788367e+01,2.657008e-02,1.239511e-01,6.131130e-02,2.310624e-09,1.086741e+00,1376.450486
7.788367e+01,2.657008e-02,1.239511e-01,6.131130e-02,2.310624e-09,1.086741e+00,1376.450486
7.788367e+01,2.657008e-02,1.239511e-01,6.131130e-02,2.310624e-09,1.086741e+00,1376.450486
7.788367e+01,2.657008e-02,1.239511e-01,6.131130e-02,2.310624e-09,1.086741e+00,1376.450486
7.788367e+01,2.657008e-02,1.239511e-01,6.131130e-02,2.310624e-09,1.086741e+00,1376.450486
7.788367e+01,2.657008e-02,1.239511e-01,6.131130e-02,2.310624e-09,1.086741e+00,1376.450486
7.788367e+01,2.657008e-02,1.239511e-01,6.131130e-02,2.310624e-09,1.086741e+00,1376.450486
7.788367e+01,2.657008e-02,1.239511e-01,6.131130e-02,2.310624e-09,1.086741e+00,1376.450486
7.788367e+01,2.657008e-02,1.239511e-01,6.131130e-02,2.310624e-09,1.086741e+00,1376.450486
7.788367e+01,2.657008e-02,1.239511e-01,6.131130e-02,2.310624e-09,1.086741e+00,1376.450486
7.788367e+01,2.657008e-02,1.239511e-01,6.131130e-02,2.310624e-09,1.086741e+00,1376.450486
7.788367e+01,2.657008e-02,1.239511e-01,6.131130e-02,2.310624e-09,1.086741e+00,1376.450486
7.788367e+01,2.657008e-02,1.239511e-01,6.131130e-02,2.310624e-09,1.086741e+00,1376.450486
7.788367e+01,2.657008e-02,1.239511e-01,6.131130e-02,2.310624e-09,1.086741e+00,1376.450486
7.788367e+01,2.657008e-02,1.239511e-01,6.131130e-02,2.310624e-09,1.086741e+00,1376.450486
7.788367e+01,2.657008e-02,1.239511e-01,6.131130e-02,2.310624e-09,1.086741e+00,1376.450486
7.788367e+01,2.657008e-02,1.239511e-01,6.131130e-02,2.310624e-09,1.086741e+00,1376.450486
7.788367e+01,2.657008e-02,1.239511e-01,6.131130e-02,2.310624e-09,1.086741e+00,1376.450486
7.788367e+01,2.657008e-02,1.239511e-01,6.131130e-02,2.310624e-09,1.086741e+00,1376.450486
7.788367e+01,2.657008e-02,1.239511e-01,6.131130e-02,2.310624e-09,1.086741e+00,1376.450486
7.788367e+01,2.657008e-02,1.239511e-01,6.131130e-02,2.310624e-09,1.086741e+00,1376.450486
7.788367e+01,2.657008e-02,1.239511e-01,6.131130e-02,2.310624e-09,1.086741e+00,1376.450486
7.788367e+01,2.657008e-02,1.239511e-01,6.131130e-02,2.310624e-09,1.086741e+00,1376.450486
7.788367e+01,2.657008e-02,1.239511e-01,6.131130e-02,2.310624e-09,1.086741e+00,1376.450486
7.788367e+01,2.657008e-02,1.239511e-01,6.131130e-02,2.310624e-09,1.086741e+00,1376.450486
7.788367e+01,2.657008e-02,1.239511e-01,6.131130e-02,2.310624e-09,1.086741e+00,1376.450486
7.788367e+01,2.657008e-02,1.239511e-01,6.131130e-02,2.310624e-09,1.086741e+00,1376.450486
7.788367e+01,2.657008e-02,1.239511e-01,6.131130e-02,2.310624e-09,1.086741e+00,1376.450486
7.788367e+01,2.657008e-02,1.239511e-01,6.131130e-02,2.310624e-09,1.086741e+00,1376.450486
7.788367e+01,2.657008e-02,1.239511e-01,6.131130e-02,2.310624e-09,1.086741e+00,1376.450486
7.788367e+01,2.657008e-02,1.239511e-01,6.131130e-02,2.310624e-09,1.086741e+00,1376.450486
7.788367e+01,2.657008e-02,1.239511e-01,6.131130e-02,2.310624e-09,1.086741e+00,1376.450486
7.788367e+01,2.657008e-02,1.239511e-01,6.131130e-02,2.310624e-09,1.086741e+00,1376.450486
7.788367e+01,2.657008e-02,1.239511e-01,6.131130e-02,2.310624e-09,1.086741e+00,1376.450486
7.788367e+01,2.657008e-02,1.239511e-01,6.131130e-02,2.310624e-09,1.086741e+00,1376.450486
7.788367e+01,2.657008e-02,1.239511e-01,6.131130e-02,2.310624e-09,1.086741e+00,1376.450486
7.788367e+01,2.657008e-02,1.239511e-01,6.131130e-02,2.310624e-09,1.086741e+00,1376.450486
7.788367e+01,2.657008e-02,1.239511e-01,6.131130e-02,2.310624e-09,1.086741e+00,1376.450486
7.788367e+01,2.657008e-02,1.239511e-01,6.131130e-02,2.310624e-09,1.086741e+00,1376.450486
7.788367e+01,2.657008e-02,1.239511e-01,6.131130e-02,2.310624e-09,1.086741e+00,1376.450486
7.788367e+01,2.657008e-02,1.239511e-01,6.131130e-02,2.310624e-09,1.086741e+00,1376.450486
7.788367e+01,2.657008e-02,1.239511e-01,6.131130e-02,2.310624e-09,1.086741e+00,1376.450486
7.788367e+01,2.657008e-02,1.239511e-01,6.131130e-02,2.310624e-09,1.086741e+00,1376.450486
7.788367e+01,2.657008e-02,1.239511e-01,6.131130e-02,2.310624e-09,1.086741e+00,1376.450486
7.788367e+01,2.657008e-02,1.239511e-01,6.131130e-02,2.310624e-09,1.086741e+00,1376.450486
7.788367e+01,2.657008e-02,1.239511e-01,6.131130e-02,2.310624e-09,1.086741e+00,1376.450486
7.788367e+01,2.657008e-02,1.239511e-01,6.131130e-02,2.310624e-09,1.086741e+00,1376.450486
7.788367e+01,2.657008e-02,1.239511e-01,6.131130e-02,2.310624e-09,1.086741e+00,1376.450486
7.788367e+01,2.657008e-02,1.239511e-01,6.131130e-02,2.310624e-09,1.086741e+00,1376.450486
7.788367e+01,2.657008e-02,1.239511e-01,6.131130e-02,2.310624e-09,1.086741e+00,1376.450486
7.788367e+01,2.657008e-02,1.239511e-01,6.131130e-02,2.310624e-09,1.086741e+00,1376.450486
7.788367e+01,2.657008e-02,1.239511e-01,6.131130e-02,2.310624e-09,1.086741e+00,1376.450486
7.788367e+01,2.657008e-02,1.239511e-01,6.131130e-02,2.310624e-09,1.086741e+00,1376.450486
7.788367e+01,2.657008e-02,1.239511e-01,6.131130e-02,2.310624e-09,1.086741e+00,1376.450486
7.788367e+01,2.657008e-02,1.239511e-01,6.131130e-02,2.310624e-09,1.086741e+00,1376.450486
7.788367e+01,2.657008e-02,1.239511e-01,6.131130e-02,2.310624e-09,1.086741e+00,1376.450486
7.788367e+01,2.657008e-02,1.239511e-01,6.131130e-02,2.310624e-09,1.086741e+00,1376.450486
7.788367e+01,2.657008e-02,1.239511e-01,6.131130e-02,2.310624e-09,1.086741e+00,1376.450486
7.788367e+01,2.657008e-02,1.239511e-01,6.131130e-02,2.310624e-09,1.086741e+00,1376.450486
7.788367e+01,2.657008e-02,1.239511e-01,6.131130e-02,2.310624e-09,1.086741e+00,1376.450486
7.788367e+01,2.657008e-02,1.239511e-01,6.131130e-02,2.310624e-09,1.086741e+00,1376.450486
7.788367e+01,2.657008e-02,1.239511e-01,6.131130e-02,2.310624e-09,1.086741e+00,1376.450486
7.788367e+01,2.657008e-02,1.239511e-01,6.131130e-02,2.310624e-09,1.086741e+00,1376.450486
7.788367e+01,2.657008e-02,1.239511e-01,6.131130e-02,2.310624e-09,1.086741e+00,1376.450486
7.788367e+01,2.657008e-02,1.239511e-01,6.131130e-02,2.310624e-09,1.086741e+00,1376.450486
7.788367e+01,2.657008e-02,1.239511e-01,6.131130e-02,2.310624e-09,1.086741e+00,1376.450486
7.788367e+01,2.657008e-02,1.239511e-01,6.131130e-02,2.310624e-09,1.086741e+00,1376.450486
7.788367e+01,2.657008e-02,1.239511e-01,6.131130e-02,2.310624e-09,1.086741e+00,1376.450486
7.788367e+01,2.657008e-02,1.239511e-01,6.131130e-02,2.310624e-09,1.086741e+00,1376.450486
7.788367e+01,2.657008e-02,1.239511e-01,6.131130e-02,2.310624e-09,1.086741e+00,1376.450486
7.788367e+01,2.657008e-02,1.239511e-01,6.131130e-02,2.310624e-09,1.086741e+00,1376.450486
7.788367e+01,2.657008e-02,1.239511e-01,6.131130e-02,2.310624e-09,1.086741e+00,1376.450486
7.788367e+01,2.657008e-02,1.239511e-01,6.131130e-02,2.310624e-09,1.086741e+00,1376.450486
7.788367e+01,2.657008e-02,1.239511e-01,6.131130e-02,2.310624e-09,1.086741e+00,1376.450486
7.788367e+01,2.657008e-02,1.239511e-01,6.131130e-02,2.310624e-09,1.086741e+00,1376.450486
7.788367e+01,2.657008e-02,1.239511e-01,6.131130e-02,2.310624e-09,1.086741e+00,1376.450486
7.788367e+01,2.657008e-02,1.239511e-01,6.131130e-02,2.310624e-09,1.086741e+00,1376.450486
7.788367e+01,2.657008e-02,1.239511e-01,6.131130e-02,2.310624e-09,1.086741e+00,1376.450486
7.788367e+01,2.657008e-02,1.239511e-01,6.131130e-02,2.310624e-09,1.086741e+00,1376.450486
7.788367e+01,2.657008e-02,1.239511e-01,6.131130e-02,2.310624e-09,1.086741e+00,1376.450486
7.806649e+01,2.673252e-02,1.241684e-01,6.133852e-02,2.316324e-09,1.090082e+00,1381.798081
7.806649e+01,2.673252e-02,1.241684e-01,6.133852e-02,2.316324e-09,1.090082e+00,1381.798081
7.806649e+01,2.673252e-02,1.241684e-01,6.133852e-02,2.316324e-09,1.090082e+00,1381.798081
7.806649e+01,2.673252e-02,1.241684e-01,6.133852e-02,2.316324e-09,1.090082e+00,1381.798081
7.806649e+01,2.673252e-02,1.241684e-01,6.133852e-02,2.316324e-09,1.090082e+00,1381.798081
7.806649e+01,2.673252e-02,1.241684e-01,6.133852e-02,2.316324e-09,1.090082e+00,1381.798081
7.806649e+01,2.673252e-02,1.241684e-01,6.133852e-02,2.316324e-09,1.090082e+00,1381.798081
7.806649e+01,2.673252e-02,1.241684e-01,6.133852e-02,2.316324e-09,1.090082e+00,1381.798081
7.806649e+01,2.673252e-02,1.241684e-01,6.133852e-02,2.316324e-09,1.090082e+00,1381.798081
7.806649e+01,2.673252e-02,1.241684e-01,6.133852e-02,2.316324e-09,1.090082e+00,1381.798081
7.842109e+01,2.687444e-02,1.250088e-01,6.176277e-02,2.320148e-09,1.090509e+00,1389.280295
7.842109e+01,2.687444e-02,1.250088e-01,6.176277e-02,2.320148e-09,1.090509e+00,1389.280295
7.842109e+01,2.687444e-02,1.250088e-01,6.176277e-02,2.320148e-09,1.090509e+00,1389.280295
7.842109e+01,2.687444e-02,1.250088e-01,6.176277e-02,2.320148e-09,1.090509e+00,1389.280295
7.842109e+01,2.687444e-02,1.250088e-01,6.176277e-02,2.320148e-09,1.090509e+00,1389.280295
7.842109e+01,2.687444e-02,1.250088e-01,6.176277e-02,2.320148e-09,1.090509e+00,1389.280295
7.842109e+01,2.687444e-02,1.250088e-01,6.176277e-02,2.320148e-09,1.090509e+00,1389.280295
7.842109e+01,2.687444e-02,1.250088e-01,6.176277e-02,2.320148e-09,1.090509e+00,1389.280295
7.842109e+01,2.687444e-02,1.250088e-01,6.176277e-02,2.320148e-09,1.090509e+00,1389.280295
7.842109e+01,2.687444e-02,1.250088e-01,6.176277e-02,2.320148e-09,1.090509e+00,1389.280295
7.842109e+01,2.687444e-02,1.250088e-01,6.176277e-02,2.320148e-09,1.090509e+00,1389.280295
7.842109e+01,2.687444e-02,1.250088e-01,6.176277e-02,2.320148e-09,1.090509e+00,1389.280295
7.842109e+01,2.687444e-02,1.250088e-01,6.176277e-02,2.320148e-09,1.090509e+00,1389.280295
7.842109e+01,2.687444e-02,1.250088e-01,6.176277e-02,2.320148e-09,1.090509e+00,1389.280295
7.842109e+01,2.687444e-02,1.250088e-01,6.176277e-02,2.320148e-09,1.090509e+00,1389.280295
7.842109e+01,2.687444e-02,1.250088e-01,6.176277e-02,2.320148e-09,1.090509e+00,1389.280295
7.842109e+01,2.687444e-02,1.250088e-01,6.176277e-02,2.320148e-09,1.090509e+00,1389.280295
7.842109e+01,2.687444e-02,1.250088e-01,6.176277e-02,2.320148e-09,1.090509e+00,1389.280295
7.842109e+01,2.687444e-02,1.250088e-01,6.176277e-02,2.320148e-09,1.090509e+00,1389.280295
7.842109e+01,2.687444e-02,1.250088e-01,6.176277e-02,2.320148e-09,1.090509e+00,1389.280295
7.842109e+01,2.687444e-02,1.250088e-01,6.176277e-02,2.320148e-09,1.090509e+00,1389.280295
7.842109e+01,2.687444e-02,1.250088e-01,6.176277e-02,2.320148e-09,1.090509e+00,1389.280295
7.842109e+01,2.687444e-02,1.250088e-01,6.176277e-02,2.320148e-09,1.090509e+00,1389.280295
7.842109e+01,2.687444e-02,1.250088e-01,6.176277e-02,2.320148e-09,1.090509e+00,1389.280295
7.842109e+01,2.687444e-02,1.250088e-01,6.176277e-02,2.320148e-09,1.090509e+00,1389.280295
7.842109e+01,2.687444e-02,1.250088e-01,6.176277e-02,2.320148e-09,1.090509e+00,1389.280295
7.842109e+01,2.687444e-02,1.250088e-01,6.176277e-02,2.320148e-09,1.090509e+00,1389.280295
7.842109e+01,2.687444e-02,1.250088e-01,6.176277e-02,2.320148e-09,1.090509e+00,1389.280295
7.842109e+01,2.687444e-02,1.250088e-01,6.176277e-02,2.320148e-09,1.090509e+00,1389.280295
7.842109e+01,2.687444e-02,1.250088e-01,6.176277e-02,2.320148e-09,1.090509e+00,1389.280295
7.842109e+01,2.687444e-02,1.250088e-01,6.176277e-02,2.320148e-09,1.090509e+00,1389.280295
7.842109e+01,2.687444e-02,1.250088e-01,6.176277e-02,2.320148e-09,1.090509e+00,1389.280295
7.842109e+01,2.687444e-02,1.250088e-01,6.176277e-02,2.320148e-09,1.090509e+00,1389.280295
7.842109e+01,2.687444e-02,1.250088e-01,6.176277e-02,2.320148e-09,1.090509e+00,1389.280295
7.842109e+01,2.687444e-02,1.250088e-01,6.176277e-02,2.320148e-09,1.090509e+00,1389.280295
7.842109e+01,2.687444e-02,1.250088e-01,6.176277e-02,2.320148e-09,1.090509e+00,1389.280295
7.842109e+01,2.687444e-02,1.250088e-01,6.176277e-02,2.320148e-09,1.090509e+00,1389.280295
7.842109e+01,2.687444e-02,1.250088e-01,6.176277e-02,2.320148e-09,1.090509e+00,1389.280295
7.842109e+01,2.687444e-02,1.250088e-01,6.176277e-02,2.320148e-09,1.090509e+00,1389.280295
7.842109e+01,2.687444e-02,1.250088e-01,6.176277e-02,2.320148e-09,1.090509e+00,1389.280295
7.842109e+01,2.687444e-02,1.250088e-01,6.176277e-02,2.320148e-09,1.090509e+00,1389.280295
7.842109e+01,2.687444e-02,1.250088e-01,6.176277e-02,2.320148e-09,1.090509e+00,1389.280295
7.842109e+01,2.687444e-02,1.250088e-01,6.176277e-02,2.320148e-09,1.090509e+00,1389.280295
7.842109e+01,2.687444e-02,1.250088e-01,6.176277e-02,2.320148e-09,1.090509e+00,1389.280295
7.842109e+01,2.687444e-02,1.250088e-01,6.176277e-02,2.320148e-09,1.090509e+00,1389.280295
7.842109e+01,2.687444e-02,1.250088e-01,6.176277e-02,2.320148e-09,1.090509e+00,1389.280295
7.842109e+01,2.687444e-02,1.250088e-01,6.176277e-02,2.320148e-09,1.090509e+00,1389.280295
7.842109e+01,2.687444e-02,1.250088e-01,6.176277e-02,2.320148e-09,1.090509e+00,1389.280295
7.842109e+01,2.687444e-02,1.250088e-01,6.176277e-02,2.320148e-09,1.090509e+00,1389.280295
7.842109e+01,2.687444e-02,1.250088e-01,6.176277e-02,2.320148e-09,1.090509e+00,1389.280295
7.842109e+01,2.687444e-02,1.250088e-01,6.176277e-02,2.320148e-09,1.090509e+00,1389.280295
7.842109e+01,2.687444e-02,1.250088e-01,6.176277e-02,2.320148e-09,1.090509e+00,1389.280295
7.842109e+01,2.687444e-02,1.250088e-01,6.176277e-02,2.320148e-09,1.090509e+00,1389.280295
7.842109e+01,2.687444e-02,1.250088e-01,6.176277e-02,2.320148e-09,1.090509e+00,1389.280295
7.842109e+01,2.687444e-02,1.250088e-01,6.176277e-02,2.320148e-09,1.090509e+00,1389.280295
7.853714e+01,2.701860e-02,1.253477e-01,6.208418e-02,2.323653e-09,1.091575e+00,1391.020378
7.853714e+01,2.701860e-02,1.253477e-01,6.208418e-02,2.323653e-09,1.091575e+00,1391.020378
7.853714e+01,2.701860e-02,1.253477e-01,6.208418e-02,2.323653e-09,1.091575e+00,1391.020378
7.853714e+01,2.701860e-02,1.253477e-01,6.208418e-02,2.323653e-09,1.091575e+00,1391.020378
7.853714e+01,2.701860e-02,1.253477e-01,6.208418e-02,2.323653e-09,1.091575e+00,1391.020378
7.853714e+01,2.701860e-02,1.253477e-01,6.208418e-02,2.323653e-09,1.091575e+00,1391.020378
7.853714e+01,2.701860e-02,1.253477e-01,6.208418e-02,2.323653e-09,1.091575e+00,1391.020378
7.853714e+01,2.701860e-02,1.253477e-01,6.208418e-02,2.323653e-09,1.091575e+00,1391.020378
7.853714e+01,2.701860e-02,1.253477e-01,6.208418e-02,2.323653e-09,1.091575e+00,1391.020378
7.853714e+01,2.701860e-02,1.253477e-01,6.208418e-02,2.323653e-09,1.091575e+00,1391.020378
7.853714e+01,2.701860e-02,1.253477e-01,6.208418e-02,2.323653e-09,1.091575e+00,1391.020378
7.853714e+01,2.701860e-02,1.253477e-01,6.208418e-02,2.323653e-09,1.091575e+00,1391.020378
7.853714e+01,2.701860e-02,1.253477e-01,6.208418e-02,2.323653e-09,1.091575e+00,1391.020378
7.853714e+01,2.701860e-02,1.253477e-01,6.208418e-02,2.323653e-09,1.091575e+00,1391.020378
7.853714e+01,2.701860e-02,1.253477e-01,6.208418e-02,2.323653e-09,1.091575e+00,1391.020378
7.853714e+01,2.701860e-02,1.253477e-01,6.208418e-02,2.323653e-09,1.091575e+00,1391.020378
7.853714e+01,2.701860e-02,1.253477e-01,6.208418e-02,2.323653e-09,1.091575e+00,1391.020378
7.853714e+01,2.701860e-02,1.253477e-01,6.208418e-02,2.323653e-09,1.091575e+00,1391.020378
7.853714e+01,2.701860e-02,1.253477e-01,6.208418e-02,2.323653e-09,1.091575e+00,1391.020378
7.853714e+01,2.701860e-02,1.253477e-01,6.208418e-02,2.323653e-09,1.091575e+00,1391.020378
7.853714e+01,2.701860e-02,1.253477e-01,6.208418e-02,2.323653e-09,1.091575e+00,1391.020378
7.853714e+01,2.701860e-02,1.253477e-01,6.208418e-02,2.323653e-09,1.091575e+00,1391.020378
7.853714e+01,2.701860e-02,1.253477e-01,6.208418e-02,2.323653e-09,1.091575e+00,1391.020378
7.853714e+01,2.701860e-02,1.253477e-01,6.208418e-02,2.323653e-09,1.091575e+00,1391.020378
7.853714e+01,2.701860e-02,1.253477e-01,6.208418e-02,2.323653e-09,1.091575e+00,1391.020378
7.853714e+01,2.701860e-02,1.253477e-01,6.208418e-02,2.323653e-09,1.091575e+00,1391.020378
7.853714e+01,2.701860e-02,1.253477e-01,6.208418e-02,2.323653e-09,1.091575e+00,1391.020378
7.853714e+01,2.701860e-02,1.253477e-01,6.208418e-02,2.323653e-09,1.091575e+00,1391.020378
7.853714e+01,2.701860e-02,1.253477e-01,6.208418e-02,2.323653e-09,1.091575e+00,1391.020378
7.853714e+01,2.701860e-02,1.253477e-01,6.208418e-02,2.323653e-09,1.091575e+00,1391.020378
7.853714e+01,2.701860e-02,1.253477e-01,6.208418e-02,2.323653e-09,1.091575e+00,1391.020378
7.853714e+01,2.701860e-02,1.253477e-01,6.208418e-02,2.323653e-09,1.091575e+00,1391.020378
7.853714e+01,2.701860e-02,1.253477e-01,6.208418e-02,2.323653e-09,1.091575e+00,1391.020378
7.853714e+01,2.701860e-02,1.253477e-01,6.208418e-02,2.323653e-09,1.091575e+00,1391.020378
7.853714e+01,2.701860e-02,1.253477e-01,6.208418e-02,2.323653e-09,1.091575e+00,1391.020378
7.853714e+01,2.701860e-02,1.253477e-01,6.208418e-02,2.323653e-09,1.091575e+00,1391.020378
7.853714e+01,2.701860e-02,1.253477e-01,6.208418e-02,2.323653e-09,1.091575e+00,1391.020378
7.853714e+01,2.701860e-02,1.253477e-01,6.208418e-02,2.323653e-09,1.091575e+00,1391.020378
7.853714e+01,2.701860e-02,1.253477e-01,6.208418e-02,2.323653e-09,1.091575e+00,1391.020378
7.853714e+01,2.701860e-02,1.253477e-01,6.208418e-02,2.323653e-09,1.091575e+00,1391.020378
7.853714e+01,2.701860e-02,1.253477e-01,6.208418e-02,2.323653e-09,1.091575e+00,1391.020378
7.853714e+01,2.701860e-02,1.253477e-01,6.208418e-02,2.323653e-09,1.091575e+00,1391.020378
7.853714e+01,2.701860e-02,1.253477e-01,6.208418e-02,2.323653e-09,1.091575e+00,1391.020378
7.853714e+01,2.701860e-02,1.253477e-01,6.208418e-02,2.323653e-09,1.091575e+00,1391.020378
7.853714e+01,2.701860e-02,1.253477e-01,6.208418e-02,2.323653e-09,1.091575e+00,1391.020378
7.853714e+01,2.701860e-02,1.253477e-01,6.208418e-02,2.323653e-09,1.091575e+00,1391.020378
7.853714e+01,2.701860e-02,1.253477e-01,6.208418e-02,2.323653e-09,1.091575e+00,1391.020378
7.853714e+01,2.701860e-02,1.253477e-01,6.208418e-02,2.323653e-09,1.091575e+00,1391.020378
7.853714e+01,2.701860e-02,1.253477e-01,6.208418e-02,2.323653e-09,1.091575e+00,1391.020378
7.860872e+01,2.721015e-02,1.262400e-01,6.229247e-02,2.330127e-09,1.092929e+00,1396.399046
7.860872e+01,2.721015e-02,1.262400e-01,6.229247e-02,2.330127e-09,1.092929e+00,1396.399046
7.860872e+01,2.721015e-02,1.262400e-01,6.229247e-02,2.330127e-09,1.092929e+00,1396.399046
7.860872e+01,2.721015e-02,1.262400e-01,6.229247e-02,2.330127e-09,1.092929e+00,1396.399046
7.860872e+01,2.721015e-02,1.262400e-01,6.229247e-02,2.330127e-09,1.092929e+00,1396.399046
7.860872e+01,2.721015e-02,1.262400e-01,6.229247e-02,2.330127e-09,1.092929e+00,1396.399046
7.860872e+01,2.721015e-02,1.262400e-01,6.229247e-02,2.330127e-09,1.092929e+00,1396.399046
7.860872e+01,2.721015e-02,1.262400e-01,6.229247e-02,2.330127e-09,1.092929e+00,1396.399046
7.860872e+01,2.721015e-02,1.262400e-01,6.229247e-02,2.330127e-09,1.092929e+00,1396.399046
7.867739e+01,2.735603e-02,1.263591e-01,6.237036e-02,2.339336e-09,1.094533e+00,1398.566156
7.867739e+01,2.735603e-02,1.263591e-01,6.237036e-02,2.339336e-09,1.094533e+00,1398.566156
7.867739e+01,2.735603e-02,1.263591e-01,6.237036e-02,2.339336e-09,1.094533e+00,1398.566156
7.867739e+01,2.735603e-02,1.263591e-01,6.237036e-02,2.339336e-09,1.094533e+00,1398.566156
7.867739e+01,2.735603e-02,1.263591e-01,6.237036e-02,2.339336e-09,1.094533e+00,1398.566156
7.867739e+01,2.735603e-02,1.263591e-01,6.237036e-02,2.339336e-09,1.094533e+00,1398.566156
7.867739e+01,2.735603e-02,1.263591e-01,6.237036e-02,2.339336e-09,1.094533e+00,1398.566156
7.867739e+01,2.735603e-02,1.263591e-01,6.237036e-02,2.339336e-09,1.094533e+00,1398.566156
7.867739e+01,2.735603e-02,1.263591e-01,6.237036e-02,2.339336e-09,1.094533e+00,1398.566156
7.867739e+01,2.735603e-02,1.263591e-01,6.237036e-02,2.339336e-09,1.094533e+00,1398.566156
7.867739e+01,2.735603e-02,1.263591e-01,6.237036e-02,2.339336e-09,1.094533e+00,1398.566156
