H0,ombh2,omch2,tau,As,ns,chisq,accept
6.500000e+01,2.000000e-02,1.000000e-01,5.000000e-02,2.000000e-09,9.600000e-01,1588.425776,100.00
6.526591e+01,1.991005e-02,9.871256e-02,1.459651e-01,2.390008e-09,9.659228e-01,1526.087696,100.00
6.526591e+01,1.991005e-02,9.871256e-02,1.459651e-01,2.390008e-09,9.659228e-01,1526.087696,50.00
6.479040e+01,1.989977e-02,9.878668e-02,1.836350e-01,2.534894e-09,9.625614e-01,1451.389747,66.67
6.479040e+01,1.989977e-02,9.878668e-02,1.836350e-01,2.534894e-09,9.625614e-01,1451.389747,50.00
6.462386e+01,1.991900e-02,9.893737e-02,1.885738e-01,2.559305e-09,9.631493e-01,1450.528921,60.00
6.413539e+01,1.995743e-02,9.986095e-02,2.692976e-01,2.898957e-09,9.648556e-01,1379.564610,66.67
6.413539e+01,1.995743e-02,9.986095e-02,2.692976e-01,2.898957e-09,9.648556e-01,1379.564610,57.14
6.413539e+01,1.995743e-02,9.986095e-02,2.692976e-01,2.898957e-09,9.648556e-01,1379.564610,50.00
6.413539e+01,1.995743e-02,9.986095e-02,2.692976e-01,2.898957e-09,9.648556e-01,1379.564610,44.44
6.653523e+01,2.058106e-02,9.703570e-02,2.822484e-01,2.935391e-09,9.773836e-01,1369.199960,50.00
6.653523e+01,2.058106e-02,9.703570e-02,2.822484e-01,2.935391e-09,9.773836e-01,1369.199960,45.45
6.653523e+01,2.058106e-02,9.703570e-02,2.822484e-01,2.935391e-09,9.773836e-01,1369.199960,41.67
6.571580e+01,2.044338e-02,9.904285e-02,2.555358e-01,2.833430e-09,9.716502e-01,1349.584093,46.15
6.571580e+01,2.044338e-02,9.904285e-02,2.555358e-01,2.833430e-09,9.716502e-01,1349.584093,42.86
6.571580e+01,2.044338e-02,9.904285e-02,2.555358e-01,2.833430e-09,9.716502e-01,1349.584093,40.00
6.571580e+01,2.044338e-02,9.904285e-02,2.555358e-01,2.833430e-09,9.716502e-01,1349.584093,37.50
6.571580e+01,2.044338e-02,9.904285e-02,2.555358e-01,2.833430e-09,9.716502e-01,1349.584093,35.29
