H0,ombh2,omch2,tau,As,ns,chisq
6.500000e+01,2.000000e-02,1.000000e-01,5.000000e-02,2.000000e-09,9.600000e-01,1588.425776
6.500000e+01,2.000000e-02,1.000000e-01,5.000000e-02,2.000000e-09,9.600000e-01,1588.425776
6.519572e+01,2.002418e-02,9.954123e-02,5.560504e-02,2.020148e-09,9.612809e-01,1592.029411
6.496441e+01,1.995356e-02,9.989415e-02,5.153391e-02,2.004017e-09,9.590062e-01,1589.480615
6.496441e+01,1.995356e-02,9.989415e-02,5.153391e-02,2.004017e-09,9.590062e-01,1589.480615
6.496441e+01,1.995356e-02,9.989415e-02,5.153391e-02,2.004017e-09,9.590062e-01,1589.480615
6.496529e+01,2.001106e-02,1.002423e-01,5.905585e-02,2.038922e-09,9.603334e-01,1585.835576
6.466208e+01,1.996399e-02,1.009145e-01,5.460203e-02,2.024195e-09,9.589924e-01,1579.223491
6.447090e+01,1.993663e-02,1.013159e-01,4.494891e-02,1.986669e-09,9.576508e-01,1573.784293
6.462257e+01,1.999705e-02,1.012101e-01,5.674733e-02,2.035752e-09,9.591518e-01,1576.535931
6.449066e+01,1.994668e-02,1.014014e-01,4.524051e-02,1.989446e-09,9.579991e-01,1574.293012
6.449066e+01,1.994668e-02,1.014014e-01,4.524051e-02,1.989446e-09,9.579991e-01,1574.293012
6.471455e+01,1.999847e-02,1.009888e-01,4.442667e-02,1.982883e-09,9.592916e-01,1569.443112
6.471455e+01,1.999847e-02,1.009888e-01,4.442667e-02,1.982883e-09,9.592916e-01,1569.443112
6.471455e+01,1.999847e-02,1.009888e-01,4.442667e-02,1.982883e-09,9.592916e-01,1569.443112
6.457556e+01,2.003876e-02,1.013284e-01,4.584642e-02,1.991303e-09,9.594258e-01,1568.626975
6.460913e+01,2.004244e-02,1.012943e-01,4.835836e-02,2.002321e-09,9.600717e-01,1571.495231
6.483114e+01,2.010846e-02,1.010049e-01,4.911726e-02,2.004658e-09,9.615629e-01,1571.021930
6.470488e+01,2.003130e-02,1.010548e-01,4.311109e-02,1.980110e-09,9.601352e-01,1574.495018
6.465649e+01,2.003421e-02,1.013809e-01,4.276028e-02,1.979980e-09,9.594754e-01,1566.081177
6.468670e+01,2.000930e-02,1.012238e-01,4.104967e-02,1.971652e-09,9.595984e-01,1566.001367
6.468670e+01,2.000930e-02,1.012238e-01,4.104967e-02,1.971652e-09,9.595984e-01,1566.001367
6.468670e+01,2.000930e-02,1.012238e-01,4.104967e-02,1.971652e-09,9.595984e-01,1566.001367
6.465196e+01,2.002613e-02,1.013650e-01,4.108915e-02,1.973644e-09,9.603736e-01,1565.552793
6.460350e+01,1.996703e-02,1.013295e-01,3.703899e-02,1.955372e-09,9.591623e-01,1562.372309
6.450360e+01,1.992826e-02,1.016238e-01,3.361418e-02,1.942982e-09,9.578928e-01,1558.265583
6.450360e+01,1.992826e-02,1.016238e-01,3.361418e-02,1.942982e-09,9.578928e-01,1558.265583
6.407891e+01,1.985019e-02,1.024473e-01,2.588496e-02,1.913982e-09,9.550826e-01,1543.225200
6.396098e+01,1.979235e-02,1.024364e-01,1.936665e-02,1.886201e-09,9.534940e-01,1539.700041
6.394738e+01,1.976140e-02,1.026477e-01,1.446591e-02,1.866635e-09,9.527091e-01,1526.506314
6.394738e+01,1.976140e-02,1.026477e-01,1.446591e-02,1.866635e-09,9.527091e-01,1526.506314
6.384779e+01,1.966750e-02,1.025173e-01,6.269894e-03,1.831463e-09,9.513824e-01,1519.639469
6.393817e+01,1.963730e-02,1.022444e-01,2.570432e-04,1.804555e-09,9.509891e-01,1513.130699
6.402007e+01,1.970537e-02,1.021948e-01,2.413946e-03,1.813506e-09,9.518050e-01,1511.371636
6.402007e+01,1.970537e-02,1.021948e-01,2.413946e-03,1.813506e-09,9.518050e-01,1511.371636
6.399201e+01,1.965052e-02,1.020506e-01,1.211392e-03,1.806719e-09,9.511721e-01,1505.003791
6.399201e+01,1.965052e-02,1.020506e-01,1.211392e-03,1.806719e-09,9.511721e-01,1505.003791
6.399201e+01,1.965052e-02,1.020506e-01,1.211392e-03,1.806719e-09,9.511721e-01,1505.003791
6.399201e+01,1.965052e-02,1.020506e-01,1.211392e-03,1.806719e-09,9.511721e-01,1505.003791
6.399201e+01,1.965052e-02,1.020506e-01,1.211392e-03,1.806719e-09,9.511721e-01,1505.003791
6.399201e+01,1.965052e-02,1.020506e-01,1.211392e-03,1.806719e-09,9.511721e-01,1505.003791
6.399201e+01,1.965052e-02,1.020506e-01,1.211392e-03,1.806719e-09,9.511721e-01,1505.003791
6.399201e+01,1.965052e-02,1.020506e-01,1.211392e-03,1.806719e-09,9.511721e-01,1505.003791
6.399201e+01,1.965052e-02,1.020506e-01,1.211392e-03,1.806719e-09,9.511721e-01,1505.003791
6.399201e+01,1.965052e-02,1.020506e-01,1.211392e-03,1.806719e-09,9.511721e-01,1505.003791
6.399201e+01,1.965052e-02,1.020506e-01,1.211392e-03,1.806719e-09,9.511721e-01,1505.003791
6.399201e+01,1.965052e-02,1.020506e-01,1.211392e-03,1.806719e-09,9.511721e-01,1505.003791
6.399201e+01,1.965052e-02,1.020506e-01,1.211392e-03,1.806719e-09,9.511721e-01,1505.003791
6.399201e+01,1.965052e-02,1.020506e-01,1.211392e-03,1.806719e-09,9.511721e-01,1505.003791
6.399201e+01,1.965052e-02,1.020506e-01,1.211392e-03,1.806719e-09,9.511721e-01,1505.003791
6.399201e+01,1.965052e-02,1.020506e-01,1.211392e-03,1.806719e-09,9.511721e-01,1505.003791
6.399201e+01,1.965052e-02,1.020506e-01,1.211392e-03,1.806719e-09,9.511721e-01,1505.003791
6.399201e+01,1.965052e-02,1.020506e-01,1.211392e-03,1.806719e-09,9.511721e-01,1505.003791
