H0,ombh2,omch2,tau,As,ns,chisq
6.500000e+01,2.000000e-02,1.000000e-01,5.000000e-02,2.000000e-09,9.600000e-01,1588.425776
6.500000e+01,2.000000e-02,1.000000e-01,5.000000e-02,2.000000e-09,9.600000e-01,1588.425776
6.500000e+01,2.000000e-02,1.000000e-01,5.000000e-02,2.000000e-09,9.600000e-01,1588.425776
6.500000e+01,2.000000e-02,1.000000e-01,5.000000e-02,2.000000e-09,9.600000e-01,1588.425776
6.500000e+01,2.000000e-02,1.000000e-01,5.000000e-02,2.000000e-09,9.600000e-01,1588.425776
6.500000e+01,2.000000e-02,1.000000e-01,5.000000e-02,2.000000e-09,9.600000e-01,1588.425776
6.527682e+01,1.991238e-02,1.001058e-01,4.952209e-02,1.993678e-09,9.567135e-01,1561.422783
6.540400e+01,1.989876e-02,9.997234e-02,4.978585e-02,1.976210e-09,9.541199e-01,1496.446287
6.540400e+01,1.989876e-02,9.997234e-02,4.978585e-02,1.976210e-09,9.541199e-01,1496.446287
6.540400e+01,1.989876e-02,9.997234e-02,4.978585e-02,1.976210e-09,9.541199e-01,1496.446287
6.534126e+01,1.988443e-02,1.004805e-01,4.971966e-02,1.972940e-09,9.483670e-01,1478.893069
6.570870e+01,1.995306e-02,1.007905e-01,4.944157e-02,1.975137e-09,9.512589e-01,1456.605782
6.559544e+01,1.991598e-02,1.012901e-01,4.959528e-02,1.974088e-09,9.544318e-01,1427.426029
6.604550e+01,1.992110e-02,1.015432e-01,4.929981e-02,1.972511e-09,9.620537e-01,1393.802093
6.594591e+01,1.985045e-02,1.015603e-01,4.894605e-02,1.966973e-09,9.599894e-01,1388.681595
6.565220e+01,1.996677e-02,1.018685e-01,4.881423e-02,1.967666e-09,9.580652e-01,1390.263945
6.565220e+01,1.996677e-02,1.018685e-01,4.881423e-02,1.967666e-09,9.580652e-01,1390.263945
6.579965e+01,1.992266e-02,1.016374e-01,4.891067e-02,1.963082e-09,9.583828e-01,1381.739283
6.579965e+01,1.992266e-02,1.016374e-01,4.891067e-02,1.963082e-09,9.583828e-01,1381.739283
6.579965e+01,1.992266e-02,1.016374e-01,4.891067e-02,1.963082e-09,9.583828e-01,1381.739283
6.566822e+01,1.990933e-02,1.022218e-01,4.909665e-02,1.959238e-09,9.631477e-01,1357.770309
6.605495e+01,1.998292e-02,1.019767e-01,4.887995e-02,1.950331e-09,9.599410e-01,1340.225370
6.623305e+01,1.998476e-02,1.022456e-01,4.912121e-02,1.946609e-09,9.607602e-01,1324.526969
6.635231e+01,1.988922e-02,1.023969e-01,4.925112e-02,1.916991e-09,9.617417e-01,1307.822491
6.642807e+01,1.980048e-02,1.027692e-01,4.948063e-02,1.916789e-09,9.607222e-01,1306.507757
6.642807e+01,1.980048e-02,1.027692e-01,4.948063e-02,1.916789e-09,9.607222e-01,1306.507757
6.642807e+01,1.980048e-02,1.027692e-01,4.948063e-02,1.916789e-09,9.607222e-01,1306.507757
6.642807e+01,1.980048e-02,1.027692e-01,4.948063e-02,1.916789e-09,9.607222e-01,1306.507757
6.642807e+01,1.980048e-02,1.027692e-01,4.948063e-02,1.916789e-09,9.607222e-01,1306.507757
6.662099e+01,1.979999e-02,1.022199e-01,4.976335e-02,1.921519e-09,9.582941e-01,1302.041433
6.662099e+01,1.979999e-02,1.022199e-01,4.976335e-02,1.921519e-09,9.582941e-01,1302.041433
6.662099e+01,1.979999e-02,1.022199e-01,4.976335e-02,1.921519e-09,9.582941e-01,1302.041433
6.662099e+01,1.979999e-02,1.022199e-01,4.976335e-02,1.921519e-09,9.582941e-01,1302.041433
6.662099e+01,1.979999e-02,1.022199e-01,4.976335e-02,1.921519e-09,9.582941e-01,1302.041433
6.670212e+01,1.976463e-02,1.024912e-01,4.971804e-02,1.925196e-09,9.519783e-01,1293.993296
6.670212e+01,1.976463e-02,1.024912e-01,4.971804e-02,1.925196e-09,9.519783e-01,1293.993296
6.670212e+01,1.976463e-02,1.024912e-01,4.971804e-02,1.925196e-09,9.519783e-01,1293.993296
6.670212e+01,1.976463e-02,1.024912e-01,4.971804e-02,1.925196e-09,9.519783e-01,1293.993296
6.670212e+01,1.976463e-02,1.024912e-01,4.971804e-02,1.925196e-09,9.519783e-01,1293.993296
6.614609e+01,1.980746e-02,1.028293e-01,5.000453e-02,1.918513e-09,9.510474e-01,1295.040282
6.616533e+01,1.986283e-02,1.026632e-01,4.970860e-02,1.914827e-09,9.450401e-01,1289.379857
6.616533e+01,1.986283e-02,1.026632e-01,4.970860e-02,1.914827e-09,9.450401e-01,1289.379857
6.659839e+01,1.998987e-02,1.029671e-01,4.966355e-02,1.898044e-09,9.447479e-01,1282.640933
6.659839e+01,1.998987e-02,1.029671e-01,4.966355e-02,1.898044e-09,9.447479e-01,1282.640933
6.703403e+01,1.997103e-02,1.031390e-01,5.001078e-02,1.911519e-09,9.462342e-01,1275.545596
6.660438e+01,2.003346e-02,1.034379e-01,5.029341e-02,1.921043e-09,9.436132e-01,1275.422003
6.660438e+01,2.003346e-02,1.034379e-01,5.029341e-02,1.921043e-09,9.436132e-01,1275.422003
6.660438e+01,2.003346e-02,1.034379e-01,5.029341e-02,1.921043e-09,9.436132e-01,1275.422003
6.660438e+01,2.003346e-02,1.034379e-01,5.029341e-02,1.921043e-09,9.436132e-01,1275.422003
6.660438e+01,2.003346e-02,1.034379e-01,5.029341e-02,1.921043e-09,9.436132e-01,1275.422003
6.681306e+01,2.000364e-02,1.033318e-01,5.043065e-02,1.923524e-09,9.395816e-01,1273.358776
6.681306e+01,2.000364e-02,1.033318e-01,5.043065e-02,1.923524e-09,9.395816e-01,1273.358776
6.719113e+01,2.008965e-02,1.026687e-01,4.990090e-02,1.922206e-09,9.337707e-01,1278.046557
6.719113e+01,2.008965e-02,1.026687e-01,4.990090e-02,1.922206e-09,9.337707e-01,1278.046557
6.685447e+01,2.006200e-02,1.029307e-01,5.009986e-02,1.920834e-09,9.345737e-01,1276.824096
6.685447e+01,2.006200e-02,1.029307e-01,5.009986e-02,1.920834e-09,9.345737e-01,1276.824096
6.713707e+01,2.019631e-02,1.043884e-01,5.028233e-02,1.925339e-09,9.334667e-01,1261.282654
6.713707e+01,2.019631e-02,1.043884e-01,5.028233e-02,1.925339e-09,9.334667e-01,1261.282654
6.713707e+01,2.019631e-02,1.043884e-01,5.028233e-02,1.925339e-09,9.334667e-01,1261.282654
6.713707e+01,2.019631e-02,1.043884e-01,5.028233e-02,1.925339e-09,9.334667e-01,1261.282654
6.773963e+01,2.016759e-02,1.047118e-01,5.016763e-02,1.929895e-09,9.383222e-01,1256.708468
6.739105e+01,2.009121e-02,1.055004e-01,4.984782e-02,1.924919e-09,9.289976e-01,1255.760999
6.728354e+01,2.008494e-02,1.059821e-01,4.997384e-02,1.931454e-09,9.277104e-01,1255.671043
6.728354e+01,2.008494e-02,1.059821e-01,4.997384e-02,1.931454e-09,9.277104e-01,1255.671043
6.728354e+01,2.008494e-02,1.059821e-01,4.997384e-02,1.931454e-09,9.277104e-01,1255.671043
6.728354e+01,2.008494e-02,1.059821e-01,4.997384e-02,1.931454e-09,9.277104e-01,1255.671043
6.728354e+01,2.008494e-02,1.059821e-01,4.997384e-02,1.931454e-09,9.277104e-01,1255.671043
6.780925e+01,2.002132e-02,1.072601e-01,5.005574e-02,1.936944e-09,9.268278e-01,1254.469771
6.742556e+01,2.027454e-02,1.077163e-01,5.053904e-02,1.939142e-09,9.341945e-01,1252.424649
6.742556e+01,2.027454e-02,1.077163e-01,5.053904e-02,1.939142e-09,9.341945e-01,1252.424649
6.742556e+01,2.027454e-02,1.077163e-01,5.053904e-02,1.939142e-09,9.341945e-01,1252.424649
6.804018e+01,2.032310e-02,1.076745e-01,5.045421e-02,1.940702e-09,9.351393e-01,1251.664939
6.804018e+01,2.032310e-02,1.076745e-01,5.045421e-02,1.940702e-09,9.351393e-01,1251.664939
6.811726e+01,2.028714e-02,1.078636e-01,5.033409e-02,1.950167e-09,9.383686e-01,1251.277788
6.811726e+01,2.028714e-02,1.078636e-01,5.033409e-02,1.950167e-09,9.383686e-01,1251.277788
6.806312e+01,2.015914e-02,1.073898e-01,5.085208e-02,1.957709e-09,9.389075e-01,1253.503082
6.827547e+01,2.030719e-02,1.070631e-01,5.120105e-02,1.944738e-09,9.340801e-01,1249.791089
6.827547e+01,2.030719e-02,1.070631e-01,5.120105e-02,1.944738e-09,9.340801e-01,1249.791089
6.827547e+01,2.030719e-02,1.070631e-01,5.120105e-02,1.944738e-09,9.340801e-01,1249.791089
6.827547e+01,2.030719e-02,1.070631e-01,5.120105e-02,1.944738e-09,9.340801e-01,1249.791089
6.847179e+01,2.028360e-02,1.064828e-01,5.090187e-02,1.942508e-09,9.261735e-01,1252.147571
6.847179e+01,2.028360e-02,1.064828e-01,5.090187e-02,1.942508e-09,9.261735e-01,1252.147571
6.841004e+01,2.040056e-02,1.063673e-01,5.126633e-02,1.933443e-09,9.214360e-01,1252.712105
6.844672e+01,2.036387e-02,1.063271e-01,5.135425e-02,1.943161e-09,9.212714e-01,1255.995361
6.816917e+01,2.036531e-02,1.064582e-01,5.175493e-02,1.941965e-09,9.206612e-01,1255.062190
6.837665e+01,2.056233e-02,1.068330e-01,5.165318e-02,1.937661e-09,9.284851e-01,1248.056300
6.865618e+01,2.057039e-02,1.066870e-01,5.171039e-02,1.939556e-09,9.312455e-01,1247.257086
6.841462e+01,2.062220e-02,1.068746e-01,5.163672e-02,1.933157e-09,9.337342e-01,1250.240877
6.828157e+01,2.069252e-02,1.070112e-01,5.154459e-02,1.928681e-09,9.312999e-01,1252.167432
6.814172e+01,2.086591e-02,1.059924e-01,5.111123e-02,1.929219e-09,9.323956e-01,1248.714795
6.814172e+01,2.086591e-02,1.059924e-01,5.111123e-02,1.929219e-09,9.323956e-01,1248.714795
6.814172e+01,2.086591e-02,1.059924e-01,5.111123e-02,1.929219e-09,9.323956e-01,1248.714795
6.848428e+01,2.088978e-02,1.062428e-01,5.129707e-02,1.934742e-09,9.298026e-01,1247.455432
6.804522e+01,2.084198e-02,1.060080e-01,5.172507e-02,1.935977e-09,9.332312e-01,1247.938511
6.804522e+01,2.084198e-02,1.060080e-01,5.172507e-02,1.935977e-09,9.332312e-01,1247.938511
6.804522e+01,2.084198e-02,1.060080e-01,5.172507e-02,1.935977e-09,9.332312e-01,1247.938511
6.804522e+01,2.084198e-02,1.060080e-01,5.172507e-02,1.935977e-09,9.332312e-01,1247.938511
6.804522e+01,2.084198e-02,1.060080e-01,5.172507e-02,1.935977e-09,9.332312e-01,1247.938511
6.817688e+01,2.089894e-02,1.056882e-01,5.133093e-02,1.939435e-09,9.416323e-01,1246.264963
6.824452e+01,2.084193e-02,1.058922e-01,5.109245e-02,1.938981e-09,9.432170e-01,1246.120259
6.824452e+01,2.084193e-02,1.058922e-01,5.109245e-02,1.938981e-09,9.432170e-01,1246.120259
6.848696e+01,2.086361e-02,1.051284e-01,5.115734e-02,1.944281e-09,9.392495e-01,1247.578399
6.835181e+01,2.111514e-02,1.046902e-01,5.131147e-02,1.937760e-09,9.443351e-01,1248.942556
6.835181e+01,2.111514e-02,1.046902e-01,5.131147e-02,1.937760e-09,9.443351e-01,1248.942556
6.835181e+01,2.111514e-02,1.046902e-01,5.131147e-02,1.937760e-09,9.443351e-01,1248.942556
6.835181e+01,2.111514e-02,1.046902e-01,5.131147e-02,1.937760e-09,9.443351e-01,1248.942556
6.883820e+01,2.111068e-02,1.055476e-01,5.155701e-02,1.935407e-09,9.452382e-01,1245.650548
6.883820e+01,2.111068e-02,1.055476e-01,5.155701e-02,1.935407e-09,9.452382e-01,1245.650548
6.864612e+01,2.122626e-02,1.055978e-01,5.167688e-02,1.953288e-09,9.458755e-01,1243.833507
6.864612e+01,2.122626e-02,1.055978e-01,5.167688e-02,1.953288e-09,9.458755e-01,1243.833507
6.914087e+01,2.126701e-02,1.062178e-01,5.136310e-02,1.952521e-09,9.501749e-01,1239.642583
6.914087e+01,2.126701e-02,1.062178e-01,5.136310e-02,1.952521e-09,9.501749e-01,1239.642583
6.914087e+01,2.126701e-02,1.062178e-01,5.136310e-02,1.952521e-09,9.501749e-01,1239.642583
6.979637e+01,2.143865e-02,1.060286e-01,5.144006e-02,1.951462e-09,9.507549e-01,1238.182742
6.938064e+01,2.149265e-02,1.062443e-01,5.144060e-02,1.951838e-09,9.486884e-01,1239.122641
6.919874e+01,2.140706e-02,1.065771e-01,5.140232e-02,1.961550e-09,9.474515e-01,1238.137233
6.919874e+01,2.140706e-02,1.065771e-01,5.140232e-02,1.961550e-09,9.474515e-01,1238.137233
6.919874e+01,2.140706e-02,1.065771e-01,5.140232e-02,1.961550e-09,9.474515e-01,1238.137233
6.919874e+01,2.140706e-02,1.065771e-01,5.140232e-02,1.961550e-09,9.474515e-01,1238.137233
6.919874e+01,2.140706e-02,1.065771e-01,5.140232e-02,1.961550e-09,9.474515e-01,1238.137233
6.934533e+01,2.145221e-02,1.067665e-01,5.189271e-02,1.963128e-09,9.489521e-01,1237.029037
6.959135e+01,2.147107e-02,1.063759e-01,5.225397e-02,1.959348e-09,9.489230e-01,1237.462671
6.959135e+01,2.147107e-02,1.063759e-01,5.225397e-02,1.959348e-09,9.489230e-01,1237.462671
6.959707e+01,2.150959e-02,1.062094e-01,5.205018e-02,1.957213e-09,9.468299e-01,1238.334736
7.010457e+01,2.145200e-02,1.065235e-01,5.227160e-02,1.958368e-09,9.480236e-01,1237.461617
7.010457e+01,2.145200e-02,1.065235e-01,5.227160e-02,1.958368e-09,9.480236e-01,1237.461617
7.010457e+01,2.145200e-02,1.065235e-01,5.227160e-02,1.958368e-09,9.480236e-01,1237.461617
7.010181e+01,2.134578e-02,1.064876e-01,5.209091e-02,1.959571e-09,9.530478e-01,1238.309132
7.010181e+01,2.134578e-02,1.064876e-01,5.209091e-02,1.959571e-09,9.530478e-01,1238.309132
7.010181e+01,2.134578e-02,1.064876e-01,5.209091e-02,1.959571e-09,9.530478e-01,1238.309132
6.977285e+01,2.140076e-02,1.059886e-01,5.188202e-02,1.956575e-09,9.460028e-01,1238.142351
6.977285e+01,2.140076e-02,1.059886e-01,5.188202e-02,1.956575e-09,9.460028e-01,1238.142351
6.977285e+01,2.140076e-02,1.059886e-01,5.188202e-02,1.956575e-09,9.460028e-01,1238.142351
6.982557e+01,2.137036e-02,1.057508e-01,5.167997e-02,1.969421e-09,9.478404e-01,1241.525096
6.982557e+01,2.137036e-02,1.057508e-01,5.167997e-02,1.969421e-09,9.478404e-01,1241.525096
6.982557e+01,2.137036e-02,1.057508e-01,5.167997e-02,1.969421e-09,9.478404e-01,1241.525096
6.955051e+01,2.123575e-02,1.060424e-01,5.177391e-02,1.961489e-09,9.480076e-01,1238.306741
6.955051e+01,2.123575e-02,1.060424e-01,5.177391e-02,1.961489e-09,9.480076e-01,1238.306741
6.955051e+01,2.123575e-02,1.060424e-01,5.177391e-02,1.961489e-09,9.480076e-01,1238.306741
6.955051e+01,2.123575e-02,1.060424e-01,5.177391e-02,1.961489e-09,9.480076e-01,1238.306741
6.955051e+01,2.123575e-02,1.060424e-01,5.177391e-02,1.961489e-09,9.480076e-01,1238.306741
6.980788e+01,2.133239e-02,1.064829e-01,5.143879e-02,1.958229e-09,9.460930e-01,1237.349352
6.985718e+01,2.136421e-02,1.066105e-01,5.151011e-02,1.959002e-09,9.435463e-01,1238.051612
7.032710e+01,2.126433e-02,1.065725e-01,5.160348e-02,1.963304e-09,9.507760e-01,1237.573087
7.032710e+01,2.126433e-02,1.065725e-01,5.160348e-02,1.963304e-09,9.507760e-01,1237.573087
7.032710e+01,2.126433e-02,1.065725e-01,5.160348e-02,1.963304e-09,9.507760e-01,1237.573087
7.032710e+01,2.126433e-02,1.065725e-01,5.160348e-02,1.963304e-09,9.507760e-01,1237.573087
7.000042e+01,2.142695e-02,1.050914e-01,5.116841e-02,1.936437e-09,9.478987e-01,1241.415830
7.000042e+01,2.142695e-02,1.050914e-01,5.116841e-02,1.936437e-09,9.478987e-01,1241.415830
7.000042e+01,2.142695e-02,1.050914e-01,5.116841e-02,1.936437e-09,9.478987e-01,1241.415830
7.028132e+01,2.143962e-02,1.046010e-01,5.096654e-02,1.946305e-09,9.518064e-01,1238.113544
7.028132e+01,2.143962e-02,1.046010e-01,5.096654e-02,1.946305e-09,9.518064e-01,1238.113544
7.028132e+01,2.143962e-02,1.046010e-01,5.096654e-02,1.946305e-09,9.518064e-01,1238.113544
7.028132e+01,2.143962e-02,1.046010e-01,5.096654e-02,1.946305e-09,9.518064e-01,1238.113544
7.028132e+01,2.143962e-02,1.046010e-01,5.096654e-02,1.946305e-09,9.518064e-01,1238.113544
7.045386e+01,2.164717e-02,1.047884e-01,5.096236e-02,1.948279e-09,9.515907e-01,1237.753711
7.099821e+01,2.170783e-02,1.043643e-01,5.084646e-02,1.938554e-09,9.571668e-01,1239.160517
7.090533e+01,2.174948e-02,1.044040e-01,5.065630e-02,1.939800e-09,9.591623e-01,1239.054037
7.090533e+01,2.174948e-02,1.044040e-01,5.065630e-02,1.939800e-09,9.591623e-01,1239.054037
7.081859e+01,2.185144e-02,1.049465e-01,5.093054e-02,1.958073e-09,9.650606e-01,1235.499242
7.057379e+01,2.182194e-02,1.045023e-01,5.122630e-02,1.961047e-09,9.639033e-01,1236.757784
7.073182e+01,2.183775e-02,1.044333e-01,5.133733e-02,1.954316e-09,9.619335e-01,1236.451978
7.073182e+01,2.183775e-02,1.044333e-01,5.133733e-02,1.954316e-09,9.619335e-01,1236.451978
7.073182e+01,2.183775e-02,1.044333e-01,5.133733e-02,1.954316e-09,9.619335e-01,1236.451978
7.073182e+01,2.183775e-02,1.044333e-01,5.133733e-02,1.954316e-09,9.619335e-01,1236.451978
7.073182e+01,2.183775e-02,1.044333e-01,5.133733e-02,1.954316e-09,9.619335e-01,1236.451978
7.073182e+01,2.183775e-02,1.044333e-01,5.133733e-02,1.954316e-09,9.619335e-01,1236.451978
7.073182e+01,2.183775e-02,1.044333e-01,5.133733e-02,1.954316e-09,9.619335e-01,1236.451978
7.073182e+01,2.183775e-02,1.044333e-01,5.133733e-02,1.954316e-09,9.619335e-01,1236.451978
7.076138e+01,2.192818e-02,1.051782e-01,5.121713e-02,1.952530e-09,9.572335e-01,1236.558164
7.094157e+01,2.188192e-02,1.048412e-01,5.109043e-02,1.958060e-09,9.659348e-01,1235.551280
7.112242e+01,2.183466e-02,1.046712e-01,5.123516e-02,1.947472e-09,9.590076e-01,1236.925793
7.094980e+01,2.190156e-02,1.052260e-01,5.089905e-02,1.959837e-09,9.607892e-01,1234.172361
7.094980e+01,2.190156e-02,1.052260e-01,5.089905e-02,1.959837e-09,9.607892e-01,1234.172361
7.094980e+01,2.190156e-02,1.052260e-01,5.089905e-02,1.959837e-09,9.607892e-01,1234.172361
7.094980e+01,2.190156e-02,1.052260e-01,5.089905e-02,1.959837e-09,9.607892e-01,1234.172361
7.061801e+01,2.202768e-02,1.056295e-01,5.100515e-02,1.966339e-09,9.646194e-01,1234.404660
7.073470e+01,2.204320e-02,1.055445e-01,5.125785e-02,1.980973e-09,9.664080e-01,1235.474878
7.073470e+01,2.204320e-02,1.055445e-01,5.125785e-02,1.980973e-09,9.664080e-01,1235.474878
7.114414e+01,2.207242e-02,1.052284e-01,5.116108e-02,1.969183e-09,9.625049e-01,1233.995846
7.131907e+01,2.192050e-02,1.053676e-01,5.103179e-02,1.967347e-09,9.644859e-01,1232.907324
7.131907e+01,2.192050e-02,1.053676e-01,5.103179e-02,1.967347e-09,9.644859e-01,1232.907324
7.131907e+01,2.192050e-02,1.053676e-01,5.103179e-02,1.967347e-09,9.644859e-01,1232.907324
7.124968e+01,2.182632e-02,1.053734e-01,5.058213e-02,1.959793e-09,9.620353e-01,1233.889378
7.124968e+01,2.182632e-02,1.053734e-01,5.058213e-02,1.959793e-09,9.620353e-01,1233.889378
7.122771e+01,2.170084e-02,1.053833e-01,5.103101e-02,1.962630e-09,9.585807e-01,1234.210124
7.116071e+01,2.165760e-02,1.056219e-01,5.134734e-02,1.971810e-09,9.588242e-01,1234.603622
7.103044e+01,2.176828e-02,1.062768e-01,5.123813e-02,1.981188e-09,9.600094e-01,1234.049100
7.148914e+01,2.200198e-02,1.062551e-01,5.129432e-02,1.983523e-09,9.696444e-01,1231.979382
7.118123e+01,2.202282e-02,1.068461e-01,5.180330e-02,1.981290e-09,9.668409e-01,1232.090236
7.118123e+01,2.202282e-02,1.068461e-01,5.180330e-02,1.981290e-09,9.668409e-01,1232.090236
7.118123e+01,2.202282e-02,1.068461e-01,5.180330e-02,1.981290e-09,9.668409e-01,1232.090236
7.112796e+01,2.203561e-02,1.059182e-01,5.164369e-02,1.997416e-09,9.720718e-01,1236.230998
7.064609e+01,2.208635e-02,1.064410e-01,5.141591e-02,1.995845e-09,9.764528e-01,1234.978477
7.064609e+01,2.208635e-02,1.064410e-01,5.141591e-02,1.995845e-09,9.764528e-01,1234.978477
7.064609e+01,2.208635e-02,1.064410e-01,5.141591e-02,1.995845e-09,9.764528e-01,1234.978477
7.064609e+01,2.208635e-02,1.064410e-01,5.141591e-02,1.995845e-09,9.764528e-01,1234.978477
7.094157e+01,2.214129e-02,1.063005e-01,5.187308e-02,1.996761e-09,9.725892e-01,1233.749973
7.094157e+01,2.214129e-02,1.063005e-01,5.187308e-02,1.996761e-09,9.725892e-01,1233.749973
7.094157e+01,2.214129e-02,1.063005e-01,5.187308e-02,1.996761e-09,9.725892e-01,1233.749973
7.084349e+01,2.220876e-02,1.062056e-01,5.223563e-02,1.979800e-09,9.708123e-01,1233.403397
7.063309e+01,2.227905e-02,1.059303e-01,5.268514e-02,1.979997e-09,9.668179e-01,1234.870421
7.112378e+01,2.224583e-02,1.061980e-01,5.246996e-02,1.975113e-09,9.678702e-01,1233.701296
7.112378e+01,2.224583e-02,1.061980e-01,5.246996e-02,1.975113e-09,9.678702e-01,1233.701296
7.112378e+01,2.224583e-02,1.061980e-01,5.246996e-02,1.975113e-09,9.678702e-01,1233.701296
7.112378e+01,2.224583e-02,1.061980e-01,5.246996e-02,1.975113e-09,9.678702e-01,1233.701296
7.115374e+01,2.204621e-02,1.063474e-01,5.228993e-02,1.979870e-09,9.665619e-01,1232.007159
7.094545e+01,2.215015e-02,1.067677e-01,5.234886e-02,1.974135e-09,9.713059e-01,1238.150311
7.077289e+01,2.217687e-02,1.065040e-01,5.233442e-02,1.991420e-09,9.667419e-01,1232.857003
7.077289e+01,2.217687e-02,1.065040e-01,5.233442e-02,1.991420e-09,9.667419e-01,1232.857003
7.077289e+01,2.217687e-02,1.065040e-01,5.233442e-02,1.991420e-09,9.667419e-01,1232.857003
7.077289e+01,2.217687e-02,1.065040e-01,5.233442e-02,1.991420e-09,9.667419e-01,1232.857003
7.077289e+01,2.217687e-02,1.065040e-01,5.233442e-02,1.991420e-09,9.667419e-01,1232.857003
7.025992e+01,2.208085e-02,1.068599e-01,5.216110e-02,1.992938e-09,9.667825e-01,1233.685613
7.025992e+01,2.208085e-02,1.068599e-01,5.216110e-02,1.992938e-09,9.667825e-01,1233.685613
7.017564e+01,2.206255e-02,1.070969e-01,5.219416e-02,1.985499e-09,9.643342e-01,1232.778639
7.067447e+01,2.205899e-02,1.067913e-01,5.231529e-02,1.991734e-09,9.659209e-01,1232.103933
7.046940e+01,2.207630e-02,1.061615e-01,5.275255e-02,1.983886e-09,9.633045e-01,1234.254248
7.020816e+01,2.199648e-02,1.070690e-01,5.249887e-02,1.997953e-09,9.597564e-01,1237.279383
7.020816e+01,2.199648e-02,1.070690e-01,5.249887e-02,1.997953e-09,9.597564e-01,1237.279383
7.058433e+01,2.184641e-02,1.073967e-01,5.289529e-02,1.992389e-09,9.527034e-01,1235.833615
7.059569e+01,2.190670e-02,1.078064e-01,5.291108e-02,1.993017e-09,9.524334e-01,1234.839647
7.087391e+01,2.189882e-02,1.077300e-01,5.338094e-02,1.994383e-09,9.506943e-01,1236.540380
7.087391e+01,2.189882e-02,1.077300e-01,5.338094e-02,1.994383e-09,9.506943e-01,1236.540380
7.087391e+01,2.189882e-02,1.077300e-01,5.338094e-02,1.994383e-09,9.506943e-01,1236.540380
7.087391e+01,2.189882e-02,1.077300e-01,5.338094e-02,1.994383e-09,9.506943e-01,1236.540380
7.087391e+01,2.189882e-02,1.077300e-01,5.338094e-02,1.994383e-09,9.506943e-01,1236.540380
7.120587e+01,2.196384e-02,1.081968e-01,5.335298e-02,1.993669e-09,9.575062e-01,1233.177954
7.120587e+01,2.196384e-02,1.081968e-01,5.335298e-02,1.993669e-09,9.575062e-01,1233.177954
7.120587e+01,2.196384e-02,1.081968e-01,5.335298e-02,1.993669e-09,9.575062e-01,1233.177954
7.120587e+01,2.196384e-02,1.081968e-01,5.335298e-02,1.993669e-09,9.575062e-01,1233.177954
7.120587e+01,2.196384e-02,1.081968e-01,5.335298e-02,1.993669e-09,9.575062e-01,1233.177954
7.120587e+01,2.196384e-02,1.081968e-01,5.335298e-02,1.993669e-09,9.575062e-01,1233.177954
7.120587e+01,2.196384e-02,1.081968e-01,5.335298e-02,1.993669e-09,9.575062e-01,1233.177954
7.175261e+01,2.207494e-02,1.082358e-01,5.337976e-02,2.000353e-09,9.605150e-01,1233.629550
7.175261e+01,2.207494e-02,1.082358e-01,5.337976e-02,2.000353e-09,9.605150e-01,1233.629550
7.175261e+01,2.207494e-02,1.082358e-01,5.337976e-02,2.000353e-09,9.605150e-01,1233.629550
7.148314e+01,2.195525e-02,1.086395e-01,5.337030e-02,1.995097e-09,9.601659e-01,1235.756786
7.148314e+01,2.195525e-02,1.086395e-01,5.337030e-02,1.995097e-09,9.601659e-01,1235.756786
7.189954e+01,2.213674e-02,1.085237e-01,5.318088e-02,2.004281e-09,9.541087e-01,1238.204893
7.200150e+01,2.222232e-02,1.086310e-01,5.362351e-02,2.002247e-09,9.607467e-01,1234.921317
7.200150e+01,2.222232e-02,1.086310e-01,5.362351e-02,2.002247e-09,9.607467e-01,1234.921317
7.200150e+01,2.222232e-02,1.086310e-01,5.362351e-02,2.002247e-09,9.607467e-01,1234.921317
7.200150e+01,2.222232e-02,1.086310e-01,5.362351e-02,2.002247e-09,9.607467e-01,1234.921317
7.167666e+01,2.229832e-02,1.085170e-01,5.320665e-02,1.994549e-09,9.581465e-01,1234.851554
7.156580e+01,2.217819e-02,1.085568e-01,5.298851e-02,2.004477e-09,9.577717e-01,1234.055895
7.156580e+01,2.217819e-02,1.085568e-01,5.298851e-02,2.004477e-09,9.577717e-01,1234.055895
7.154689e+01,2.229551e-02,1.084044e-01,5.271885e-02,2.011891e-09,9.627167e-01,1233.080562
7.154689e+01,2.229551e-02,1.084044e-01,5.271885e-02,2.011891e-09,9.627167e-01,1233.080562
7.154689e+01,2.229551e-02,1.084044e-01,5.271885e-02,2.011891e-09,9.627167e-01,1233.080562
7.154689e+01,2.229551e-02,1.084044e-01,5.271885e-02,2.011891e-09,9.627167e-01,1233.080562
7.176001e+01,2.243282e-02,1.084354e-01,5.289743e-02,2.006759e-09,9.602247e-01,1234.144159
7.216488e+01,2.237346e-02,1.083239e-01,5.296428e-02,1.999337e-09,9.618559e-01,1234.239319
7.198585e+01,2.233559e-02,1.080071e-01,5.284901e-02,2.003330e-09,9.675397e-01,1231.170501
7.198585e+01,2.233559e-02,1.080071e-01,5.284901e-02,2.003330e-09,9.675397e-01,1231.170501
7.256712e+01,2.263279e-02,1.076114e-01,5.281490e-02,2.010969e-09,9.694150e-01,1232.693200
7.270133e+01,2.263301e-02,1.068426e-01,5.291810e-02,2.020170e-09,9.763530e-01,1234.767512
7.270133e+01,2.263301e-02,1.068426e-01,5.291810e-02,2.020170e-09,9.763530e-01,1234.767512
7.270133e+01,2.263301e-02,1.068426e-01,5.291810e-02,2.020170e-09,9.763530e-01,1234.767512
7.270133e+01,2.263301e-02,1.068426e-01,5.291810e-02,2.020170e-09,9.763530e-01,1234.767512
7.288787e+01,2.262730e-02,1.078178e-01,5.297079e-02,2.019949e-09,9.810540e-01,1231.710135
7.288787e+01,2.262730e-02,1.078178e-01,5.297079e-02,2.019949e-09,9.810540e-01,1231.710135
7.276933e+01,2.274401e-02,1.079954e-01,5.285560e-02,2.015478e-09,9.809395e-01,1230.845433
7.268620e+01,2.268592e-02,1.080147e-01,5.279451e-02,2.016628e-09,9.756830e-01,1230.861383
7.249648e+01,2.273839e-02,1.087937e-01,5.246751e-02,2.013923e-09,9.728555e-01,1231.388953
7.301837e+01,2.271593e-02,1.081669e-01,5.209857e-02,2.012849e-09,9.721858e-01,1233.222672
7.328081e+01,2.289067e-02,1.079367e-01,5.212402e-02,2.018361e-09,9.767079e-01,1232.921542
7.324377e+01,2.288902e-02,1.076926e-01,5.221833e-02,2.018952e-09,9.798594e-01,1231.738858
7.324377e+01,2.288902e-02,1.076926e-01,5.221833e-02,2.018952e-09,9.798594e-01,1231.738858
7.324377e+01,2.288902e-02,1.076926e-01,5.221833e-02,2.018952e-09,9.798594e-01,1231.738858
7.324377e+01,2.288902e-02,1.076926e-01,5.221833e-02,2.018952e-09,9.798594e-01,1231.738858
7.324377e+01,2.288902e-02,1.076926e-01,5.221833e-02,2.018952e-09,9.798594e-01,1231.738858
7.395296e+01,2.278882e-02,1.076832e-01,5.225457e-02,2.006697e-09,9.770156e-01,1237.191869
7.395296e+01,2.278882e-02,1.076832e-01,5.225457e-02,2.006697e-09,9.770156e-01,1237.191869
7.399786e+01,2.278539e-02,1.075172e-01,5.242782e-02,2.007134e-09,9.748496e-01,1237.140184
7.399786e+01,2.278539e-02,1.075172e-01,5.242782e-02,2.007134e-09,9.748496e-01,1237.140184
7.399786e+01,2.278539e-02,1.075172e-01,5.242782e-02,2.007134e-09,9.748496e-01,1237.140184
7.399786e+01,2.278539e-02,1.075172e-01,5.242782e-02,2.007134e-09,9.748496e-01,1237.140184
7.399786e+01,2.278539e-02,1.075172e-01,5.242782e-02,2.007134e-09,9.748496e-01,1237.140184
7.399786e+01,2.278539e-02,1.075172e-01,5.242782e-02,2.007134e-09,9.748496e-01,1237.140184
7.399786e+01,2.278539e-02,1.075172e-01,5.242782e-02,2.007134e-09,9.748496e-01,1237.140184
7.399786e+01,2.278539e-02,1.075172e-01,5.242782e-02,2.007134e-09,9.748496e-01,1237.140184
7.399786e+01,2.278539e-02,1.075172e-01,5.242782e-02,2.007134e-09,9.748496e-01,1237.140184
7.399786e+01,2.278539e-02,1.075172e-01,5.242782e-02,2.007134e-09,9.748496e-01,1237.140184
7.341166e+01,2.269377e-02,1.080027e-01,5.241549e-02,2.015750e-09,9.720348e-01,1235.685236
7.341166e+01,2.269377e-02,1.080027e-01,5.241549e-02,2.015750e-09,9.720348e-01,1235.685236
7.341166e+01,2.269377e-02,1.080027e-01,5.241549e-02,2.015750e-09,9.720348e-01,1235.685236
7.341166e+01,2.269377e-02,1.080027e-01,5.241549e-02,2.015750e-09,9.720348e-01,1235.685236
7.263367e+01,2.262818e-02,1.092220e-01,5.269503e-02,2.011076e-09,9.773912e-01,1236.891292
7.235784e+01,2.256420e-02,1.090957e-01,5.274595e-02,2.004353e-09,9.717960e-01,1236.074455
7.236237e+01,2.253056e-02,1.099284e-01,5.259424e-02,2.019048e-09,9.759292e-01,1235.773775
7.236237e+01,2.253056e-02,1.099284e-01,5.259424e-02,2.019048e-09,9.759292e-01,1235.773775
7.236237e+01,2.253056e-02,1.099284e-01,5.259424e-02,2.019048e-09,9.759292e-01,1235.773775
7.232488e+01,2.250024e-02,1.098824e-01,5.269041e-02,2.035351e-09,9.847074e-01,1235.880341
7.213762e+01,2.269536e-02,1.096083e-01,5.215323e-02,2.032066e-09,9.906313e-01,1234.903040
7.213762e+01,2.269536e-02,1.096083e-01,5.215323e-02,2.032066e-09,9.906313e-01,1234.903040
7.209411e+01,2.269156e-02,1.099779e-01,5.225158e-02,2.042858e-09,9.866344e-01,1232.444952
7.190701e+01,2.256788e-02,1.096314e-01,5.217080e-02,2.033534e-09,9.848282e-01,1232.159217
7.176374e+01,2.248939e-02,1.099404e-01,5.230481e-02,2.027559e-09,9.764939e-01,1230.728889
7.214525e+01,2.244384e-02,1.090316e-01,5.227303e-02,2.020409e-09,9.780037e-01,1231.951597
7.214525e+01,2.244384e-02,1.090316e-01,5.227303e-02,2.020409e-09,9.780037e-01,1231.951597
7.200905e+01,2.242563e-02,1.087679e-01,5.168648e-02,2.018625e-09,9.763550e-01,1230.976418
7.200905e+01,2.242563e-02,1.087679e-01,5.168648e-02,2.018625e-09,9.763550e-01,1230.976418
7.200905e+01,2.242563e-02,1.087679e-01,5.168648e-02,2.018625e-09,9.763550e-01,1230.976418
7.200905e+01,2.242563e-02,1.087679e-01,5.168648e-02,2.018625e-09,9.763550e-01,1230.976418
7.200905e+01,2.242563e-02,1.087679e-01,5.168648e-02,2.018625e-09,9.763550e-01,1230.976418
7.200905e+01,2.242563e-02,1.087679e-01,5.168648e-02,2.018625e-09,9.763550e-01,1230.976418
7.200905e+01,2.242563e-02,1.087679e-01,5.168648e-02,2.018625e-09,9.763550e-01,1230.976418
7.200905e+01,2.242563e-02,1.087679e-01,5.168648e-02,2.018625e-09,9.763550e-01,1230.976418
7.200905e+01,2.242563e-02,1.087679e-01,5.168648e-02,2.018625e-09,9.763550e-01,1230.976418
7.201907e+01,2.245232e-02,1.082067e-01,5.123779e-02,2.008702e-09,9.822336e-01,1232.414847
7.174795e+01,2.230108e-02,1.080217e-01,5.091694e-02,2.007177e-09,9.832879e-01,1234.212928
7.174795e+01,2.230108e-02,1.080217e-01,5.091694e-02,2.007177e-09,9.832879e-01,1234.212928
7.175387e+01,2.241647e-02,1.081106e-01,5.125561e-02,2.012797e-09,9.827882e-01,1231.816174
7.159797e+01,2.265010e-02,1.079274e-01,5.188031e-02,1.999187e-09,9.796972e-01,1232.125684
7.157383e+01,2.271437e-02,1.076661e-01,5.267309e-02,2.010617e-09,9.865439e-01,1232.475904
7.188868e+01,2.270608e-02,1.078243e-01,5.267627e-02,2.017017e-09,9.931427e-01,1236.022444
7.188868e+01,2.270608e-02,1.078243e-01,5.267627e-02,2.017017e-09,9.931427e-01,1236.022444
7.188868e+01,2.270608e-02,1.078243e-01,5.267627e-02,2.017017e-09,9.931427e-01,1236.022444
7.188868e+01,2.270608e-02,1.078243e-01,5.267627e-02,2.017017e-09,9.931427e-01,1236.022444
7.132929e+01,2.254962e-02,1.074037e-01,5.234434e-02,2.007255e-09,9.912309e-01,1238.306883
7.075696e+01,2.251513e-02,1.070979e-01,5.225908e-02,2.007742e-09,9.848910e-01,1235.119911
7.075696e+01,2.251513e-02,1.070979e-01,5.225908e-02,2.007742e-09,9.848910e-01,1235.119911
7.093485e+01,2.242901e-02,1.065534e-01,5.228693e-02,2.006461e-09,9.834647e-01,1235.175975
7.112239e+01,2.237084e-02,1.062902e-01,5.243728e-02,2.008535e-09,9.798056e-01,1235.529176
7.127310e+01,2.223522e-02,1.067724e-01,5.230273e-02,2.010915e-09,9.852131e-01,1235.959180
7.145777e+01,2.230848e-02,1.065520e-01,5.207398e-02,2.000507e-09,9.796539e-01,1232.079353
7.145777e+01,2.230848e-02,1.065520e-01,5.207398e-02,2.000507e-09,9.796539e-01,1232.079353
7.145777e+01,2.230848e-02,1.065520e-01,5.207398e-02,2.000507e-09,9.796539e-01,1232.079353
7.161561e+01,2.244514e-02,1.055040e-01,5.217009e-02,2.001461e-09,9.825540e-01,1234.985789
7.166725e+01,2.255204e-02,1.049059e-01,5.182701e-02,1.986507e-09,9.809611e-01,1234.560350
7.166725e+01,2.255204e-02,1.049059e-01,5.182701e-02,1.986507e-09,9.809611e-01,1234.560350
7.166725e+01,2.255204e-02,1.049059e-01,5.182701e-02,1.986507e-09,9.809611e-01,1234.560350
7.166725e+01,2.255204e-02,1.049059e-01,5.182701e-02,1.986507e-09,9.809611e-01,1234.560350
7.171910e+01,2.260466e-02,1.056548e-01,5.148139e-02,1.987295e-09,9.776816e-01,1232.369039
7.184460e+01,2.242703e-02,1.064147e-01,5.139929e-02,1.985552e-09,9.665858e-01,1231.697602
7.184460e+01,2.242703e-02,1.064147e-01,5.139929e-02,1.985552e-09,9.665858e-01,1231.697602
7.184460e+01,2.242703e-02,1.064147e-01,5.139929e-02,1.985552e-09,9.665858e-01,1231.697602
7.184460e+01,2.242703e-02,1.064147e-01,5.139929e-02,1.985552e-09,9.665858e-01,1231.697602
7.184460e+01,2.242703e-02,1.064147e-01,5.139929e-02,1.985552e-09,9.665858e-01,1231.697602
7.150057e+01,2.239353e-02,1.064159e-01,5.138825e-02,1.978207e-09,9.686971e-01,1231.900698
7.150057e+01,2.239353e-02,1.064159e-01,5.138825e-02,1.978207e-09,9.686971e-01,1231.900698
7.176277e+01,2.231102e-02,1.069640e-01,5.109080e-02,1.992085e-09,9.707675e-01,1230.214922
7.157004e+01,2.224146e-02,1.070197e-01,5.128897e-02,1.992367e-09,9.723627e-01,1230.456338
7.157004e+01,2.224146e-02,1.070197e-01,5.128897e-02,1.992367e-09,9.723627e-01,1230.456338
7.174122e+01,2.239960e-02,1.069118e-01,5.123017e-02,1.995119e-09,9.698772e-01,1230.735502
7.174122e+01,2.239960e-02,1.069118e-01,5.123017e-02,1.995119e-09,9.698772e-01,1230.735502
7.174122e+01,2.239960e-02,1.069118e-01,5.123017e-02,1.995119e-09,9.698772e-01,1230.735502
7.174122e+01,2.239960e-02,1.069118e-01,5.123017e-02,1.995119e-09,9.698772e-01,1230.735502
7.120300e+01,2.230724e-02,1.064451e-01,5.132719e-02,1.984455e-09,9.723194e-01,1231.419713
7.120300e+01,2.230724e-02,1.064451e-01,5.132719e-02,1.984455e-09,9.723194e-01,1231.419713
7.120300e+01,2.230724e-02,1.064451e-01,5.132719e-02,1.984455e-09,9.723194e-01,1231.419713
7.139272e+01,2.243228e-02,1.070181e-01,5.207679e-02,1.991466e-09,9.671916e-01,1231.132224
7.139272e+01,2.243228e-02,1.070181e-01,5.207679e-02,1.991466e-09,9.671916e-01,1231.132224
7.167766e+01,2.252450e-02,1.070398e-01,5.192959e-02,1.995251e-09,9.651451e-01,1233.083649
7.167766e+01,2.252450e-02,1.070398e-01,5.192959e-02,1.995251e-09,9.651451e-01,1233.083649
7.167766e+01,2.252450e-02,1.070398e-01,5.192959e-02,1.995251e-09,9.651451e-01,1233.083649
7.167766e+01,2.252450e-02,1.070398e-01,5.192959e-02,1.995251e-09,9.651451e-01,1233.083649
7.167766e+01,2.252450e-02,1.070398e-01,5.192959e-02,1.995251e-09,9.651451e-01,1233.083649
7.170833e+01,2.257649e-02,1.071042e-01,5.202011e-02,1.980594e-09,9.676576e-01,1234.098198
7.170833e+01,2.257649e-02,1.071042e-01,5.202011e-02,1.980594e-09,9.676576e-01,1234.098198
7.170833e+01,2.257649e-02,1.071042e-01,5.202011e-02,1.980594e-09,9.676576e-01,1234.098198
7.145573e+01,2.245737e-02,1.059822e-01,5.188732e-02,1.978420e-09,9.669060e-01,1233.098813
7.143136e+01,2.226777e-02,1.062816e-01,5.168341e-02,1.980887e-09,9.714324e-01,1231.695340
7.143136e+01,2.226777e-02,1.062816e-01,5.168341e-02,1.980887e-09,9.714324e-01,1231.695340
7.119339e+01,2.218187e-02,1.066108e-01,5.177325e-02,1.985532e-09,9.738242e-01,1232.367226
7.135093e+01,2.218777e-02,1.065624e-01,5.192911e-02,1.986400e-09,9.727861e-01,1231.681790
7.134258e+01,2.234739e-02,1.069138e-01,5.170784e-02,1.992277e-09,9.732065e-01,1230.474711
7.134258e+01,2.234739e-02,1.069138e-01,5.170784e-02,1.992277e-09,9.732065e-01,1230.474711
7.163478e+01,2.231494e-02,1.068489e-01,5.175917e-02,1.982431e-09,9.669062e-01,1231.444220
7.166129e+01,2.245516e-02,1.071036e-01,5.170984e-02,1.989800e-09,9.682560e-01,1230.692767
7.166129e+01,2.245516e-02,1.071036e-01,5.170984e-02,1.989800e-09,9.682560e-01,1230.692767
7.222027e+01,2.254030e-02,1.074057e-01,5.208598e-02,2.008165e-09,9.740261e-01,1230.330729
7.222027e+01,2.254030e-02,1.074057e-01,5.208598e-02,2.008165e-09,9.740261e-01,1230.330729
7.244514e+01,2.255709e-02,1.068500e-01,5.184265e-02,2.011060e-09,9.830270e-01,1231.287511
7.244514e+01,2.255709e-02,1.068500e-01,5.184265e-02,2.011060e-09,9.830270e-01,1231.287511
7.241666e+01,2.258265e-02,1.070583e-01,5.182721e-02,2.016198e-09,9.817162e-01,1231.947621
7.190210e+01,2.241997e-02,1.077097e-01,5.197753e-02,2.016706e-09,9.820494e-01,1231.697572
7.190210e+01,2.241997e-02,1.077097e-01,5.197753e-02,2.016706e-09,9.820494e-01,1231.697572
7.187987e+01,2.237516e-02,1.079777e-01,5.196196e-02,2.014238e-09,9.741715e-01,1230.908618
7.160595e+01,2.227297e-02,1.086302e-01,5.209064e-02,2.014189e-09,9.772117e-01,1231.645591
7.198988e+01,2.240637e-02,1.090335e-01,5.233405e-02,2.008294e-09,9.784718e-01,1236.051476
7.185313e+01,2.252419e-02,1.087247e-01,5.273004e-02,2.008427e-09,9.821938e-01,1235.991304
7.175636e+01,2.274022e-02,1.085339e-01,5.264287e-02,2.028168e-09,9.888174e-01,1231.328860
7.175636e+01,2.274022e-02,1.085339e-01,5.264287e-02,2.028168e-09,9.888174e-01,1231.328860
7.175636e+01,2.274022e-02,1.085339e-01,5.264287e-02,2.028168e-09,9.888174e-01,1231.328860
7.175636e+01,2.274022e-02,1.085339e-01,5.264287e-02,2.028168e-09,9.888174e-01,1231.328860
7.175636e+01,2.274022e-02,1.085339e-01,5.264287e-02,2.028168e-09,9.888174e-01,1231.328860
7.180589e+01,2.292149e-02,1.085955e-01,5.258041e-02,2.028153e-09,9.892453e-01,1230.638516
7.230011e+01,2.275130e-02,1.092965e-01,5.294087e-02,2.033187e-09,9.869341e-01,1231.674921
7.236580e+01,2.263044e-02,1.089993e-01,5.289250e-02,2.036841e-09,9.866215e-01,1232.870815
7.236580e+01,2.263044e-02,1.089993e-01,5.289250e-02,2.036841e-09,9.866215e-01,1232.870815
7.236580e+01,2.263044e-02,1.089993e-01,5.289250e-02,2.036841e-09,9.866215e-01,1232.870815
7.236751e+01,2.259025e-02,1.079786e-01,5.259158e-02,2.033437e-09,9.879342e-01,1234.180491
7.236751e+01,2.259025e-02,1.079786e-01,5.259158e-02,2.033437e-09,9.879342e-01,1234.180491
7.236751e+01,2.259025e-02,1.079786e-01,5.259158e-02,2.033437e-09,9.879342e-01,1234.180491
7.238700e+01,2.273015e-02,1.076649e-01,5.300368e-02,2.032067e-09,9.842124e-01,1232.903591
7.276389e+01,2.270114e-02,1.085539e-01,5.307409e-02,2.035714e-09,9.876269e-01,1233.171757
7.230187e+01,2.254378e-02,1.089539e-01,5.303788e-02,2.030276e-09,9.859050e-01,1233.658340
7.208191e+01,2.268679e-02,1.078049e-01,5.283757e-02,2.019765e-09,9.863233e-01,1230.803226
7.212966e+01,2.277756e-02,1.085272e-01,5.322012e-02,2.038605e-09,9.860956e-01,1231.620173
7.191181e+01,2.274077e-02,1.092724e-01,5.292037e-02,2.044697e-09,9.878283e-01,1232.279073
7.165157e+01,2.284699e-02,1.097225e-01,5.219872e-02,2.043536e-09,9.913885e-01,1231.921136
7.215506e+01,2.279869e-02,1.099750e-01,5.245664e-02,2.043441e-09,9.868868e-01,1231.385587
7.174998e+01,2.299497e-02,1.105090e-01,5.237123e-02,2.044608e-09,9.763230e-01,1232.398594
7.174998e+01,2.299497e-02,1.105090e-01,5.237123e-02,2.044608e-09,9.763230e-01,1232.398594
7.210236e+01,2.307487e-02,1.101475e-01,5.270448e-02,2.040454e-09,9.848600e-01,1229.464080
7.210236e+01,2.307487e-02,1.101475e-01,5.270448e-02,2.040454e-09,9.848600e-01,1229.464080
7.210236e+01,2.307487e-02,1.101475e-01,5.270448e-02,2.040454e-09,9.848600e-01,1229.464080
7.240506e+01,2.304657e-02,1.095042e-01,5.266289e-02,2.036176e-09,9.848266e-01,1229.711026
7.279539e+01,2.307076e-02,1.094059e-01,5.270530e-02,2.027969e-09,9.844834e-01,1231.428358
7.220634e+01,2.306167e-02,1.094860e-01,5.253866e-02,2.027011e-09,9.880224e-01,1231.498961
7.220634e+01,2.306167e-02,1.094860e-01,5.253866e-02,2.027011e-09,9.880224e-01,1231.498961
7.220634e+01,2.306167e-02,1.094860e-01,5.253866e-02,2.027011e-09,9.880224e-01,1231.498961
7.230042e+01,2.307399e-02,1.083484e-01,5.266288e-02,2.032501e-09,9.880185e-01,1230.450990
7.230042e+01,2.307399e-02,1.083484e-01,5.266288e-02,2.032501e-09,9.880185e-01,1230.450990
7.230042e+01,2.307399e-02,1.083484e-01,5.266288e-02,2.032501e-09,9.880185e-01,1230.450990
7.230042e+01,2.307399e-02,1.083484e-01,5.266288e-02,2.032501e-09,9.880185e-01,1230.450990
7.240966e+01,2.288036e-02,1.086917e-01,5.232041e-02,2.045545e-09,9.900920e-01,1234.499790
7.191275e+01,2.294969e-02,1.085187e-01,5.224735e-02,2.034612e-09,9.826501e-01,1232.895771
7.191275e+01,2.294969e-02,1.085187e-01,5.224735e-02,2.034612e-09,9.826501e-01,1232.895771
7.195702e+01,2.293941e-02,1.094120e-01,5.170657e-02,2.024762e-09,9.900286e-01,1232.263052
7.195702e+01,2.293941e-02,1.094120e-01,5.170657e-02,2.024762e-09,9.900286e-01,1232.263052
7.195702e+01,2.293941e-02,1.094120e-01,5.170657e-02,2.024762e-09,9.900286e-01,1232.263052
7.187276e+01,2.272010e-02,1.093787e-01,5.139221e-02,2.039804e-09,9.814590e-01,1233.516959
7.187276e+01,2.272010e-02,1.093787e-01,5.139221e-02,2.039804e-09,9.814590e-01,1233.516959
7.187276e+01,2.272010e-02,1.093787e-01,5.139221e-02,2.039804e-09,9.814590e-01,1233.516959
7.127086e+01,2.269584e-02,1.094281e-01,5.117721e-02,2.037223e-09,9.832969e-01,1232.504977
7.129769e+01,2.268438e-02,1.101461e-01,5.132230e-02,2.034400e-09,9.847358e-01,1230.110214
7.129769e+01,2.268438e-02,1.101461e-01,5.132230e-02,2.034400e-09,9.847358e-01,1230.110214
7.129769e+01,2.268438e-02,1.101461e-01,5.132230e-02,2.034400e-09,9.847358e-01,1230.110214
7.129769e+01,2.268438e-02,1.101461e-01,5.132230e-02,2.034400e-09,9.847358e-01,1230.110214
7.129769e+01,2.268438e-02,1.101461e-01,5.132230e-02,2.034400e-09,9.847358e-01,1230.110214
7.129769e+01,2.268438e-02,1.101461e-01,5.132230e-02,2.034400e-09,9.847358e-01,1230.110214
7.160373e+01,2.262249e-02,1.102726e-01,5.114264e-02,2.017424e-09,9.791939e-01,1232.273330
7.160373e+01,2.262249e-02,1.102726e-01,5.114264e-02,2.017424e-09,9.791939e-01,1232.273330
7.140378e+01,2.283666e-02,1.095845e-01,5.125132e-02,2.022908e-09,9.808518e-01,1228.905132
7.178755e+01,2.276558e-02,1.098710e-01,5.109445e-02,2.025322e-09,9.782095e-01,1229.099533
7.148532e+01,2.279779e-02,1.095348e-01,5.123730e-02,2.019395e-09,9.766678e-01,1228.873150
7.156609e+01,2.279105e-02,1.098558e-01,5.111231e-02,2.023996e-09,9.805746e-01,1228.897826
7.156609e+01,2.279105e-02,1.098558e-01,5.111231e-02,2.023996e-09,9.805746e-01,1228.897826
7.156609e+01,2.279105e-02,1.098558e-01,5.111231e-02,2.023996e-09,9.805746e-01,1228.897826
7.156609e+01,2.279105e-02,1.098558e-01,5.111231e-02,2.023996e-09,9.805746e-01,1228.897826
7.156609e+01,2.279105e-02,1.098558e-01,5.111231e-02,2.023996e-09,9.805746e-01,1228.897826
7.156609e+01,2.279105e-02,1.098558e-01,5.111231e-02,2.023996e-09,9.805746e-01,1228.897826
7.126106e+01,2.270937e-02,1.099469e-01,5.143924e-02,2.024220e-09,9.815150e-01,1229.361126
7.126106e+01,2.270937e-02,1.099469e-01,5.143924e-02,2.024220e-09,9.815150e-01,1229.361126
7.145426e+01,2.285529e-02,1.102023e-01,5.159069e-02,2.025849e-09,9.791628e-01,1228.921598
7.135622e+01,2.291170e-02,1.097686e-01,5.151523e-02,2.023609e-09,9.782513e-01,1229.176628
7.135622e+01,2.291170e-02,1.097686e-01,5.151523e-02,2.023609e-09,9.782513e-01,1229.176628
7.135622e+01,2.291170e-02,1.097686e-01,5.151523e-02,2.023609e-09,9.782513e-01,1229.176628
7.221356e+01,2.293358e-02,1.101061e-01,5.127935e-02,2.033179e-09,9.804054e-01,1230.023494
7.235374e+01,2.294470e-02,1.098082e-01,5.133395e-02,2.031005e-09,9.810097e-01,1230.070258
7.235374e+01,2.294470e-02,1.098082e-01,5.133395e-02,2.031005e-09,9.810097e-01,1230.070258
7.235374e+01,2.294470e-02,1.098082e-01,5.133395e-02,2.031005e-09,9.810097e-01,1230.070258
7.235374e+01,2.294470e-02,1.098082e-01,5.133395e-02,2.031005e-09,9.810097e-01,1230.070258
7.235374e+01,2.294470e-02,1.098082e-01,5.133395e-02,2.031005e-09,9.810097e-01,1230.070258
7.235374e+01,2.294470e-02,1.098082e-01,5.133395e-02,2.031005e-09,9.810097e-01,1230.070258
7.235374e+01,2.294470e-02,1.098082e-01,5.133395e-02,2.031005e-09,9.810097e-01,1230.070258
7.233173e+01,2.292667e-02,1.101137e-01,5.129868e-02,2.021439e-09,9.816553e-01,1232.278450
7.250242e+01,2.287257e-02,1.095080e-01,5.123546e-02,2.032763e-09,9.815971e-01,1231.048061
7.250242e+01,2.287257e-02,1.095080e-01,5.123546e-02,2.032763e-09,9.815971e-01,1231.048061
7.250242e+01,2.287257e-02,1.095080e-01,5.123546e-02,2.032763e-09,9.815971e-01,1231.048061
7.250242e+01,2.287257e-02,1.095080e-01,5.123546e-02,2.032763e-09,9.815971e-01,1231.048061
7.250242e+01,2.287257e-02,1.095080e-01,5.123546e-02,2.032763e-09,9.815971e-01,1231.048061
7.250242e+01,2.287257e-02,1.095080e-01,5.123546e-02,2.032763e-09,9.815971e-01,1231.048061
7.250242e+01,2.287257e-02,1.095080e-01,5.123546e-02,2.032763e-09,9.815971e-01,1231.048061
7.214617e+01,2.299751e-02,1.089244e-01,5.144707e-02,2.026636e-09,9.910343e-01,1230.886585
7.214617e+01,2.299751e-02,1.089244e-01,5.144707e-02,2.026636e-09,9.910343e-01,1230.886585
7.214617e+01,2.299751e-02,1.089244e-01,5.144707e-02,2.026636e-09,9.910343e-01,1230.886585
7.214617e+01,2.299751e-02,1.089244e-01,5.144707e-02,2.026636e-09,9.910343e-01,1230.886585
7.209737e+01,2.307642e-02,1.093624e-01,5.170549e-02,2.035835e-09,9.918629e-01,1230.610696
7.209737e+01,2.307642e-02,1.093624e-01,5.170549e-02,2.035835e-09,9.918629e-01,1230.610696
7.209737e+01,2.307642e-02,1.093624e-01,5.170549e-02,2.035835e-09,9.918629e-01,1230.610696
7.190537e+01,2.310906e-02,1.088552e-01,5.141745e-02,2.027351e-09,9.839958e-01,1230.696760
7.190537e+01,2.310906e-02,1.088552e-01,5.141745e-02,2.027351e-09,9.839958e-01,1230.696760
7.190537e+01,2.310906e-02,1.088552e-01,5.141745e-02,2.027351e-09,9.839958e-01,1230.696760
7.190511e+01,2.305075e-02,1.085160e-01,5.098734e-02,2.004969e-09,9.798481e-01,1231.557203
7.190511e+01,2.305075e-02,1.085160e-01,5.098734e-02,2.004969e-09,9.798481e-01,1231.557203
7.190511e+01,2.305075e-02,1.085160e-01,5.098734e-02,2.004969e-09,9.798481e-01,1231.557203
7.162058e+01,2.291145e-02,1.077963e-01,5.104057e-02,2.007390e-09,9.840557e-01,1231.003381
7.162058e+01,2.291145e-02,1.077963e-01,5.104057e-02,2.007390e-09,9.840557e-01,1231.003381
7.162058e+01,2.291145e-02,1.077963e-01,5.104057e-02,2.007390e-09,9.840557e-01,1231.003381
7.180353e+01,2.288342e-02,1.071720e-01,5.083096e-02,2.004155e-09,9.854624e-01,1231.354976
7.180353e+01,2.288342e-02,1.071720e-01,5.083096e-02,2.004155e-09,9.854624e-01,1231.354976
7.180353e+01,2.288342e-02,1.071720e-01,5.083096e-02,2.004155e-09,9.854624e-01,1231.354976
7.208617e+01,2.285068e-02,1.072088e-01,5.065583e-02,2.005841e-09,9.849920e-01,1230.371641
7.221489e+01,2.303066e-02,1.071969e-01,5.062381e-02,2.009148e-09,9.855424e-01,1231.092171
7.221489e+01,2.303066e-02,1.071969e-01,5.062381e-02,2.009148e-09,9.855424e-01,1231.092171
7.221489e+01,2.303066e-02,1.071969e-01,5.062381e-02,2.009148e-09,9.855424e-01,1231.092171
7.221489e+01,2.303066e-02,1.071969e-01,5.062381e-02,2.009148e-09,9.855424e-01,1231.092171
7.221489e+01,2.303066e-02,1.071969e-01,5.062381e-02,2.009148e-09,9.855424e-01,1231.092171
7.221489e+01,2.303066e-02,1.071969e-01,5.062381e-02,2.009148e-09,9.855424e-01,1231.092171
7.221489e+01,2.303066e-02,1.071969e-01,5.062381e-02,2.009148e-09,9.855424e-01,1231.092171
7.221489e+01,2.303066e-02,1.071969e-01,5.062381e-02,2.009148e-09,9.855424e-01,1231.092171
7.221489e+01,2.303066e-02,1.071969e-01,5.062381e-02,2.009148e-09,9.855424e-01,1231.092171
7.221489e+01,2.303066e-02,1.071969e-01,5.062381e-02,2.009148e-09,9.855424e-01,1231.092171
7.221489e+01,2.303066e-02,1.071969e-01,5.062381e-02,2.009148e-09,9.855424e-01,1231.092171
7.178389e+01,2.283577e-02,1.070150e-01,5.070004e-02,2.014551e-09,9.814990e-01,1235.264252
7.225881e+01,2.289342e-02,1.069331e-01,5.035325e-02,1.998078e-09,9.856855e-01,1230.954816
7.225881e+01,2.289342e-02,1.069331e-01,5.035325e-02,1.998078e-09,9.856855e-01,1230.954816
7.225881e+01,2.289342e-02,1.069331e-01,5.035325e-02,1.998078e-09,9.856855e-01,1230.954816
7.225881e+01,2.289342e-02,1.069331e-01,5.035325e-02,1.998078e-09,9.856855e-01,1230.954816
7.225881e+01,2.289342e-02,1.069331e-01,5.035325e-02,1.998078e-09,9.856855e-01,1230.954816
7.253662e+01,2.280477e-02,1.071163e-01,5.034811e-02,1.990890e-09,9.792483e-01,1231.086084
7.253662e+01,2.280477e-02,1.071163e-01,5.034811e-02,1.990890e-09,9.792483e-01,1231.086084
7.247194e+01,2.270815e-02,1.068091e-01,5.054169e-02,2.001710e-09,9.858655e-01,1230.834374
7.247194e+01,2.270815e-02,1.068091e-01,5.054169e-02,2.001710e-09,9.858655e-01,1230.834374
7.224393e+01,2.269599e-02,1.071736e-01,5.016802e-02,2.004805e-09,9.915208e-01,1233.853173
7.224393e+01,2.269599e-02,1.071736e-01,5.016802e-02,2.004805e-09,9.915208e-01,1233.853173
7.264999e+01,2.279493e-02,1.066627e-01,4.992576e-02,2.004896e-09,9.830345e-01,1231.144593
7.264999e+01,2.279493e-02,1.066627e-01,4.992576e-02,2.004896e-09,9.830345e-01,1231.144593
7.304393e+01,2.298804e-02,1.066947e-01,5.017082e-02,2.005276e-09,9.915876e-01,1231.325234
7.311265e+01,2.307687e-02,1.068470e-01,4.995394e-02,1.995736e-09,9.894521e-01,1232.549436
7.343095e+01,2.288476e-02,1.064803e-01,5.016825e-02,2.006574e-09,9.929839e-01,1232.879026
7.297916e+01,2.304999e-02,1.060418e-01,4.973506e-02,1.986010e-09,9.902784e-01,1234.096021
7.347805e+01,2.315484e-02,1.047963e-01,4.946061e-02,1.990310e-09,9.882508e-01,1232.945575
7.347805e+01,2.315484e-02,1.047963e-01,4.946061e-02,1.990310e-09,9.882508e-01,1232.945575
7.347805e+01,2.315484e-02,1.047963e-01,4.946061e-02,1.990310e-09,9.882508e-01,1232.945575
7.353510e+01,2.318179e-02,1.048935e-01,4.909425e-02,1.994557e-09,9.933262e-01,1233.086827
7.380260e+01,2.320372e-02,1.044337e-01,4.922799e-02,1.991086e-09,9.925765e-01,1233.229926
7.380260e+01,2.320372e-02,1.044337e-01,4.922799e-02,1.991086e-09,9.925765e-01,1233.229926
7.380260e+01,2.320372e-02,1.044337e-01,4.922799e-02,1.991086e-09,9.925765e-01,1233.229926
7.380260e+01,2.320372e-02,1.044337e-01,4.922799e-02,1.991086e-09,9.925765e-01,1233.229926
7.380260e+01,2.320372e-02,1.044337e-01,4.922799e-02,1.991086e-09,9.925765e-01,1233.229926
7.380260e+01,2.320372e-02,1.044337e-01,4.922799e-02,1.991086e-09,9.925765e-01,1233.229926
7.380260e+01,2.320372e-02,1.044337e-01,4.922799e-02,1.991086e-09,9.925765e-01,1233.229926
7.380260e+01,2.320372e-02,1.044337e-01,4.922799e-02,1.991086e-09,9.925765e-01,1233.229926
7.410273e+01,2.323295e-02,1.042518e-01,4.876759e-02,1.988043e-09,9.937569e-01,1232.961880
7.421745e+01,2.322550e-02,1.039556e-01,4.878851e-02,1.979066e-09,9.900618e-01,1232.721683
7.421745e+01,2.322550e-02,1.039556e-01,4.878851e-02,1.979066e-09,9.900618e-01,1232.721683
7.440285e+01,2.323515e-02,1.036114e-01,4.858088e-02,1.964768e-09,9.850668e-01,1234.294116
7.440285e+01,2.323515e-02,1.036114e-01,4.858088e-02,1.964768e-09,9.850668e-01,1234.294116
7.479226e+01,2.323124e-02,1.040920e-01,4.818728e-02,1.972093e-09,9.790184e-01,1237.008575
7.453643e+01,2.321687e-02,1.033291e-01,4.816785e-02,1.964596e-09,9.847891e-01,1234.115235
7.453643e+01,2.321687e-02,1.033291e-01,4.816785e-02,1.964596e-09,9.847891e-01,1234.115235
7.457410e+01,2.308255e-02,1.037580e-01,4.807403e-02,1.975357e-09,9.813912e-01,1235.677283
7.457410e+01,2.308255e-02,1.037580e-01,4.807403e-02,1.975357e-09,9.813912e-01,1235.677283
7.463407e+01,2.297481e-02,1.043731e-01,4.807114e-02,1.975138e-09,9.826567e-01,1233.490187
7.463407e+01,2.297481e-02,1.043731e-01,4.807114e-02,1.975138e-09,9.826567e-01,1233.490187
7.516835e+01,2.299012e-02,1.042006e-01,4.838268e-02,1.973675e-09,9.814261e-01,1235.895834
7.516835e+01,2.299012e-02,1.042006e-01,4.838268e-02,1.973675e-09,9.814261e-01,1235.895834
7.533629e+01,2.315616e-02,1.034578e-01,4.829744e-02,1.967446e-09,9.872079e-01,1234.710031
7.533629e+01,2.315616e-02,1.034578e-01,4.829744e-02,1.967446e-09,9.872079e-01,1234.710031
7.533629e+01,2.315616e-02,1.034578e-01,4.829744e-02,1.967446e-09,9.872079e-01,1234.710031
7.533629e+01,2.315616e-02,1.034578e-01,4.829744e-02,1.967446e-09,9.872079e-01,1234.710031
7.477796e+01,2.316943e-02,1.031418e-01,4.796574e-02,1.973136e-09,9.885584e-01,1233.883300
7.477796e+01,2.316943e-02,1.031418e-01,4.796574e-02,1.973136e-09,9.885584e-01,1233.883300
7.455839e+01,2.327027e-02,1.030036e-01,4.797286e-02,1.960984e-09,9.890458e-01,1234.360662
7.480818e+01,2.324289e-02,1.034534e-01,4.782989e-02,1.962774e-09,9.920475e-01,1234.917349
7.480818e+01,2.324289e-02,1.034534e-01,4.782989e-02,1.962774e-09,9.920475e-01,1234.917349
7.480818e+01,2.324289e-02,1.034534e-01,4.782989e-02,1.962774e-09,9.920475e-01,1234.917349
7.480818e+01,2.324289e-02,1.034534e-01,4.782989e-02,1.962774e-09,9.920475e-01,1234.917349
7.409666e+01,2.320383e-02,1.042893e-01,4.804218e-02,1.968886e-09,9.823261e-01,1233.917561
7.409666e+01,2.320383e-02,1.042893e-01,4.804218e-02,1.968886e-09,9.823261e-01,1233.917561
7.409666e+01,2.320383e-02,1.042893e-01,4.804218e-02,1.968886e-09,9.823261e-01,1233.917561
7.409666e+01,2.320383e-02,1.042893e-01,4.804218e-02,1.968886e-09,9.823261e-01,1233.917561
7.424874e+01,2.321034e-02,1.049028e-01,4.796902e-02,1.969576e-09,9.792585e-01,1235.083258
7.432945e+01,2.332334e-02,1.048140e-01,4.826096e-02,1.968916e-09,9.840821e-01,1235.506315
7.432945e+01,2.332334e-02,1.048140e-01,4.826096e-02,1.968916e-09,9.840821e-01,1235.506315
7.383271e+01,2.316017e-02,1.057551e-01,4.841811e-02,1.981563e-09,9.837633e-01,1232.303605
7.383271e+01,2.316017e-02,1.057551e-01,4.841811e-02,1.981563e-09,9.837633e-01,1232.303605
7.383271e+01,2.316017e-02,1.057551e-01,4.841811e-02,1.981563e-09,9.837633e-01,1232.303605
7.383271e+01,2.316017e-02,1.057551e-01,4.841811e-02,1.981563e-09,9.837633e-01,1232.303605
7.341436e+01,2.312996e-02,1.059311e-01,4.828936e-02,1.989645e-09,9.905909e-01,1231.369486
7.341436e+01,2.312996e-02,1.059311e-01,4.828936e-02,1.989645e-09,9.905909e-01,1231.369486
7.357598e+01,2.313839e-02,1.062186e-01,4.849955e-02,1.989395e-09,9.851998e-01,1231.257096
7.357598e+01,2.313839e-02,1.062186e-01,4.849955e-02,1.989395e-09,9.851998e-01,1231.257096
7.357598e+01,2.313839e-02,1.062186e-01,4.849955e-02,1.989395e-09,9.851998e-01,1231.257096
7.357598e+01,2.313839e-02,1.062186e-01,4.849955e-02,1.989395e-09,9.851998e-01,1231.257096
7.357598e+01,2.313839e-02,1.062186e-01,4.849955e-02,1.989395e-09,9.851998e-01,1231.257096
7.357598e+01,2.313839e-02,1.062186e-01,4.849955e-02,1.989395e-09,9.851998e-01,1231.257096
7.357598e+01,2.313839e-02,1.062186e-01,4.849955e-02,1.989395e-09,9.851998e-01,1231.257096
7.393188e+01,2.317456e-02,1.065585e-01,4.876624e-02,1.990262e-09,9.771128e-01,1234.929358
7.393188e+01,2.317456e-02,1.065585e-01,4.876624e-02,1.990262e-09,9.771128e-01,1234.929358
7.363908e+01,2.330675e-02,1.075121e-01,4.867943e-02,1.988029e-09,9.829833e-01,1236.020362
7.363908e+01,2.330675e-02,1.075121e-01,4.867943e-02,1.988029e-09,9.829833e-01,1236.020362
7.363908e+01,2.330675e-02,1.075121e-01,4.867943e-02,1.988029e-09,9.829833e-01,1236.020362
7.399676e+01,2.330696e-02,1.068977e-01,4.892150e-02,1.987106e-09,9.773916e-01,1236.693375
7.399676e+01,2.330696e-02,1.068977e-01,4.892150e-02,1.987106e-09,9.773916e-01,1236.693375
7.418562e+01,2.332922e-02,1.067565e-01,4.893047e-02,2.001460e-09,9.799300e-01,1236.658931
7.418562e+01,2.332922e-02,1.067565e-01,4.893047e-02,2.001460e-09,9.799300e-01,1236.658931
7.418562e+01,2.332922e-02,1.067565e-01,4.893047e-02,2.001460e-09,9.799300e-01,1236.658931
7.418562e+01,2.332922e-02,1.067565e-01,4.893047e-02,2.001460e-09,9.799300e-01,1236.658931
7.418562e+01,2.332922e-02,1.067565e-01,4.893047e-02,2.001460e-09,9.799300e-01,1236.658931
7.418562e+01,2.332922e-02,1.067565e-01,4.893047e-02,2.001460e-09,9.799300e-01,1236.658931
7.381001e+01,2.331834e-02,1.071250e-01,4.909334e-02,2.014468e-09,9.832957e-01,1236.851700
7.406815e+01,2.355524e-02,1.073783e-01,4.891183e-02,2.006572e-09,9.829268e-01,1236.622677
7.451768e+01,2.358053e-02,1.075106e-01,4.923853e-02,1.998959e-09,9.819968e-01,1238.871985
7.451768e+01,2.358053e-02,1.075106e-01,4.923853e-02,1.998959e-09,9.819968e-01,1238.871985
7.479110e+01,2.363429e-02,1.073685e-01,4.929754e-02,2.012708e-09,9.893033e-01,1236.133536
7.479110e+01,2.363429e-02,1.073685e-01,4.929754e-02,2.012708e-09,9.893033e-01,1236.133536
7.477493e+01,2.348664e-02,1.068030e-01,4.910807e-02,1.999750e-09,9.921995e-01,1235.561447
7.442939e+01,2.358248e-02,1.061251e-01,4.899487e-02,2.002118e-09,9.925725e-01,1233.454095
7.442939e+01,2.358248e-02,1.061251e-01,4.899487e-02,2.002118e-09,9.925725e-01,1233.454095
7.417072e+01,2.357731e-02,1.063485e-01,4.903704e-02,2.006185e-09,9.990154e-01,1233.005187
7.403258e+01,2.361173e-02,1.070132e-01,4.938077e-02,2.014306e-09,9.993563e-01,1232.919044
7.403258e+01,2.361173e-02,1.070132e-01,4.938077e-02,2.014306e-09,9.993563e-01,1232.919044
7.409508e+01,2.370336e-02,1.061353e-01,4.924845e-02,2.011594e-09,1.002757e+00,1234.244520
7.409508e+01,2.370336e-02,1.061353e-01,4.924845e-02,2.011594e-09,1.002757e+00,1234.244520
7.385115e+01,2.371607e-02,1.064188e-01,4.906942e-02,2.007598e-09,1.007034e+00,1236.954847
7.338097e+01,2.372949e-02,1.071279e-01,4.861900e-02,2.018651e-09,1.011353e+00,1238.780270
7.338097e+01,2.372949e-02,1.071279e-01,4.861900e-02,2.018651e-09,1.011353e+00,1238.780270
7.331498e+01,2.393632e-02,1.067008e-01,4.884717e-02,2.018163e-09,1.006708e+00,1239.589226
7.339621e+01,2.392033e-02,1.070083e-01,4.851685e-02,2.017788e-09,1.002709e+00,1238.036435
7.339621e+01,2.392033e-02,1.070083e-01,4.851685e-02,2.017788e-09,1.002709e+00,1238.036435
7.339621e+01,2.392033e-02,1.070083e-01,4.851685e-02,2.017788e-09,1.002709e+00,1238.036435
7.339621e+01,2.392033e-02,1.070083e-01,4.851685e-02,2.017788e-09,1.002709e+00,1238.036435
7.342233e+01,2.398487e-02,1.070135e-01,4.888257e-02,2.010530e-09,1.001521e+00,1238.685395
7.342233e+01,2.398487e-02,1.070135e-01,4.888257e-02,2.010530e-09,1.001521e+00,1238.685395
7.338282e+01,2.391120e-02,1.067461e-01,4.883708e-02,2.006068e-09,9.956542e-01,1238.861199
7.338282e+01,2.391120e-02,1.067461e-01,4.883708e-02,2.006068e-09,9.956542e-01,1238.861199
7.338282e+01,2.391120e-02,1.067461e-01,4.883708e-02,2.006068e-09,9.956542e-01,1238.861199
7.338282e+01,2.391120e-02,1.067461e-01,4.883708e-02,2.006068e-09,9.956542e-01,1238.861199
7.338282e+01,2.391120e-02,1.067461e-01,4.883708e-02,2.006068e-09,9.956542e-01,1238.861199
7.337928e+01,2.382944e-02,1.066636e-01,4.848065e-02,2.008072e-09,9.943163e-01,1238.480017
7.337928e+01,2.382944e-02,1.066636e-01,4.848065e-02,2.008072e-09,9.943163e-01,1238.480017
7.377472e+01,2.377336e-02,1.062763e-01,4.896564e-02,2.011103e-09,9.940034e-01,1237.961044
7.377472e+01,2.377336e-02,1.062763e-01,4.896564e-02,2.011103e-09,9.940034e-01,1237.961044
7.377472e+01,2.377336e-02,1.062763e-01,4.896564e-02,2.011103e-09,9.940034e-01,1237.961044
7.383309e+01,2.389051e-02,1.062511e-01,4.922026e-02,2.020991e-09,9.920066e-01,1247.664986
7.423531e+01,2.389531e-02,1.063186e-01,4.935585e-02,2.017161e-09,9.996033e-01,1236.780630
7.423531e+01,2.389531e-02,1.063186e-01,4.935585e-02,2.017161e-09,9.996033e-01,1236.780630
7.423531e+01,2.389531e-02,1.063186e-01,4.935585e-02,2.017161e-09,9.996033e-01,1236.780630
7.423531e+01,2.389531e-02,1.063186e-01,4.935585e-02,2.017161e-09,9.996033e-01,1236.780630
7.446193e+01,2.388838e-02,1.063289e-01,4.963468e-02,2.006188e-09,1.000081e+00,1235.686724
7.398646e+01,2.380825e-02,1.065297e-01,4.935181e-02,2.004411e-09,1.002512e+00,1236.448238
7.384640e+01,2.382516e-02,1.059062e-01,4.968645e-02,2.001710e-09,1.004895e+00,1238.321596
7.378853e+01,2.368329e-02,1.055326e-01,4.987968e-02,2.009759e-09,1.002379e+00,1235.845446
7.378853e+01,2.368329e-02,1.055326e-01,4.987968e-02,2.009759e-09,1.002379e+00,1235.845446
7.378853e+01,2.368329e-02,1.055326e-01,4.987968e-02,2.009759e-09,1.002379e+00,1235.845446
7.366944e+01,2.365863e-02,1.059248e-01,5.004317e-02,2.015382e-09,9.951205e-01,1237.672334
7.366944e+01,2.365863e-02,1.059248e-01,5.004317e-02,2.015382e-09,9.951205e-01,1237.672334
7.366944e+01,2.365863e-02,1.059248e-01,5.004317e-02,2.015382e-09,9.951205e-01,1237.672334
7.366944e+01,2.365863e-02,1.059248e-01,5.004317e-02,2.015382e-09,9.951205e-01,1237.672334
7.394688e+01,2.376948e-02,1.056837e-01,4.963110e-02,2.001658e-09,9.931039e-01,1236.998959
7.394688e+01,2.376948e-02,1.056837e-01,4.963110e-02,2.001658e-09,9.931039e-01,1236.998959
7.394688e+01,2.376948e-02,1.056837e-01,4.963110e-02,2.001658e-09,9.931039e-01,1236.998959
7.403919e+01,2.357912e-02,1.052495e-01,4.987676e-02,2.002206e-09,9.967531e-01,1234.038658
7.403919e+01,2.357912e-02,1.052495e-01,4.987676e-02,2.002206e-09,9.967531e-01,1234.038658
7.392060e+01,2.354303e-02,1.055759e-01,4.983935e-02,2.003402e-09,9.950643e-01,1233.574526
7.392060e+01,2.354303e-02,1.055759e-01,4.983935e-02,2.003402e-09,9.950643e-01,1233.574526
7.389714e+01,2.337230e-02,1.057334e-01,5.028647e-02,2.013029e-09,9.946378e-01,1233.769893
7.418811e+01,2.329888e-02,1.063323e-01,5.021853e-02,2.010660e-09,9.967740e-01,1232.536730
7.418811e+01,2.329888e-02,1.063323e-01,5.021853e-02,2.010660e-09,9.967740e-01,1232.536730
7.425964e+01,2.326463e-02,1.059565e-01,4.979932e-02,2.002143e-09,9.924205e-01,1232.024139
7.425964e+01,2.326463e-02,1.059565e-01,4.979932e-02,2.002143e-09,9.924205e-01,1232.024139
7.425964e+01,2.326463e-02,1.059565e-01,4.979932e-02,2.002143e-09,9.924205e-01,1232.024139
7.425964e+01,2.326463e-02,1.059565e-01,4.979932e-02,2.002143e-09,9.924205e-01,1232.024139
7.414884e+01,2.346850e-02,1.067818e-01,4.942116e-02,2.024541e-09,9.996015e-01,1234.498014
7.414884e+01,2.346850e-02,1.067818e-01,4.942116e-02,2.024541e-09,9.996015e-01,1234.498014
7.450736e+01,2.344058e-02,1.068072e-01,4.939698e-02,2.005875e-09,1.001913e+00,1237.263029
7.461241e+01,2.342061e-02,1.066086e-01,4.955414e-02,2.015714e-09,9.986905e-01,1233.748439
7.449654e+01,2.345425e-02,1.070187e-01,4.910700e-02,2.024121e-09,9.981042e-01,1234.923911
7.447220e+01,2.348953e-02,1.068351e-01,4.899329e-02,2.007538e-09,9.984652e-01,1233.900560
7.447220e+01,2.348953e-02,1.068351e-01,4.899329e-02,2.007538e-09,9.984652e-01,1233.900560
7.447220e+01,2.348953e-02,1.068351e-01,4.899329e-02,2.007538e-09,9.984652e-01,1233.900560
7.447220e+01,2.348953e-02,1.068351e-01,4.899329e-02,2.007538e-09,9.984652e-01,1233.900560
7.487677e+01,2.357698e-02,1.067266e-01,4.905506e-02,2.001011e-09,9.916027e-01,1235.473208
7.487677e+01,2.357698e-02,1.067266e-01,4.905506e-02,2.001011e-09,9.916027e-01,1235.473208
7.487677e+01,2.357698e-02,1.067266e-01,4.905506e-02,2.001011e-09,9.916027e-01,1235.473208
7.486370e+01,2.362851e-02,1.064962e-01,4.915488e-02,1.983449e-09,9.890064e-01,1242.388173
7.538302e+01,2.371318e-02,1.066003e-01,4.938953e-02,1.984208e-09,9.851306e-01,1246.351881
7.543709e+01,2.370178e-02,1.061714e-01,4.886651e-02,1.981692e-09,9.833854e-01,1244.546773
7.543709e+01,2.370178e-02,1.061714e-01,4.886651e-02,1.981692e-09,9.833854e-01,1244.546773
7.466060e+01,2.367381e-02,1.061401e-01,4.909702e-02,1.975657e-09,9.814250e-01,1244.413942
7.466060e+01,2.367381e-02,1.061401e-01,4.909702e-02,1.975657e-09,9.814250e-01,1244.413942
7.473094e+01,2.369250e-02,1.058467e-01,4.912754e-02,1.973543e-09,9.877324e-01,1244.823088
7.477735e+01,2.371063e-02,1.056190e-01,4.927407e-02,1.977070e-09,9.885636e-01,1241.890973
7.522746e+01,2.381543e-02,1.057481e-01,4.891088e-02,1.981970e-09,9.905274e-01,1241.669994
7.534235e+01,2.376549e-02,1.069078e-01,4.871963e-02,1.994447e-09,9.903195e-01,1241.228269
7.560123e+01,2.357166e-02,1.068660e-01,4.848221e-02,2.000997e-09,9.943800e-01,1240.007940
7.560123e+01,2.357166e-02,1.068660e-01,4.848221e-02,2.000997e-09,9.943800e-01,1240.007940
7.560123e+01,2.357166e-02,1.068660e-01,4.848221e-02,2.000997e-09,9.943800e-01,1240.007940
7.560123e+01,2.357166e-02,1.068660e-01,4.848221e-02,2.000997e-09,9.943800e-01,1240.007940
7.560123e+01,2.357166e-02,1.068660e-01,4.848221e-02,2.000997e-09,9.943800e-01,1240.007940
7.560123e+01,2.357166e-02,1.068660e-01,4.848221e-02,2.000997e-09,9.943800e-01,1240.007940
7.541195e+01,2.358533e-02,1.059051e-01,4.809916e-02,2.000980e-09,9.972936e-01,1235.403135
7.550729e+01,2.369464e-02,1.062071e-01,4.858242e-02,2.003624e-09,9.970537e-01,1236.326102
7.550729e+01,2.369464e-02,1.062071e-01,4.858242e-02,2.003624e-09,9.970537e-01,1236.326102
7.550729e+01,2.369464e-02,1.062071e-01,4.858242e-02,2.003624e-09,9.970537e-01,1236.326102
7.550729e+01,2.369464e-02,1.062071e-01,4.858242e-02,2.003624e-09,9.970537e-01,1236.326102
7.550729e+01,2.369464e-02,1.062071e-01,4.858242e-02,2.003624e-09,9.970537e-01,1236.326102
7.546462e+01,2.361557e-02,1.062573e-01,4.891864e-02,2.001428e-09,9.878696e-01,1238.624181
7.546462e+01,2.361557e-02,1.062573e-01,4.891864e-02,2.001428e-09,9.878696e-01,1238.624181
7.546462e+01,2.361557e-02,1.062573e-01,4.891864e-02,2.001428e-09,9.878696e-01,1238.624181
7.538059e+01,2.370981e-02,1.064076e-01,4.860519e-02,1.992489e-09,9.835522e-01,1241.879014
7.568268e+01,2.355519e-02,1.056266e-01,4.819349e-02,1.993410e-09,9.835998e-01,1241.670186
7.579801e+01,2.327049e-02,1.059579e-01,4.802524e-02,1.997271e-09,9.854375e-01,1241.673017
7.603209e+01,2.344856e-02,1.058970e-01,4.816909e-02,2.009185e-09,9.869908e-01,1246.001043
7.603209e+01,2.344856e-02,1.058970e-01,4.816909e-02,2.009185e-09,9.869908e-01,1246.001043
7.603209e+01,2.344856e-02,1.058970e-01,4.816909e-02,2.009185e-09,9.869908e-01,1246.001043
7.567411e+01,2.333930e-02,1.065112e-01,4.837143e-02,1.993984e-09,9.874289e-01,1241.478112
7.568482e+01,2.332529e-02,1.054457e-01,4.885991e-02,1.992523e-09,9.877952e-01,1238.249105
7.602969e+01,2.343753e-02,1.050092e-01,4.905055e-02,1.993917e-09,9.911888e-01,1238.484074
7.602969e+01,2.343753e-02,1.050092e-01,4.905055e-02,1.993917e-09,9.911888e-01,1238.484074
7.602969e+01,2.343753e-02,1.050092e-01,4.905055e-02,1.993917e-09,9.911888e-01,1238.484074
7.602969e+01,2.343753e-02,1.050092e-01,4.905055e-02,1.993917e-09,9.911888e-01,1238.484074
7.602969e+01,2.343753e-02,1.050092e-01,4.905055e-02,1.993917e-09,9.911888e-01,1238.484074
7.602969e+01,2.343753e-02,1.050092e-01,4.905055e-02,1.993917e-09,9.911888e-01,1238.484074
7.571418e+01,2.339083e-02,1.055785e-01,4.894204e-02,1.987259e-09,9.873112e-01,1239.593722
7.571418e+01,2.339083e-02,1.055785e-01,4.894204e-02,1.987259e-09,9.873112e-01,1239.593722
7.571418e+01,2.339083e-02,1.055785e-01,4.894204e-02,1.987259e-09,9.873112e-01,1239.593722
7.499655e+01,2.335487e-02,1.060550e-01,4.877798e-02,2.003421e-09,9.896002e-01,1235.237596
7.499655e+01,2.335487e-02,1.060550e-01,4.877798e-02,2.003421e-09,9.896002e-01,1235.237596
7.499655e+01,2.335487e-02,1.060550e-01,4.877798e-02,2.003421e-09,9.896002e-01,1235.237596
7.499655e+01,2.335487e-02,1.060550e-01,4.877798e-02,2.003421e-09,9.896002e-01,1235.237596
7.441391e+01,2.325751e-02,1.059384e-01,4.886999e-02,2.011784e-09,9.938855e-01,1234.841851
7.441391e+01,2.325751e-02,1.059384e-01,4.886999e-02,2.011784e-09,9.938855e-01,1234.841851
7.450695e+01,2.314171e-02,1.052434e-01,4.888862e-02,1.995646e-09,9.924610e-01,1232.734402
7.450695e+01,2.314171e-02,1.052434e-01,4.888862e-02,1.995646e-09,9.924610e-01,1232.734402
7.450695e+01,2.314171e-02,1.052434e-01,4.888862e-02,1.995646e-09,9.924610e-01,1232.734402
7.450695e+01,2.314171e-02,1.052434e-01,4.888862e-02,1.995646e-09,9.924610e-01,1232.734402
7.450695e+01,2.314171e-02,1.052434e-01,4.888862e-02,1.995646e-09,9.924610e-01,1232.734402
7.450695e+01,2.314171e-02,1.052434e-01,4.888862e-02,1.995646e-09,9.924610e-01,1232.734402
7.450695e+01,2.314171e-02,1.052434e-01,4.888862e-02,1.995646e-09,9.924610e-01,1232.734402
7.429941e+01,2.309391e-02,1.058045e-01,4.932080e-02,2.003352e-09,9.924470e-01,1232.907486
7.429941e+01,2.309391e-02,1.058045e-01,4.932080e-02,2.003352e-09,9.924470e-01,1232.907486
7.417691e+01,2.309928e-02,1.064963e-01,4.922647e-02,1.997318e-09,9.926144e-01,1234.289476
7.417691e+01,2.309928e-02,1.064963e-01,4.922647e-02,1.997318e-09,9.926144e-01,1234.289476
7.368713e+01,2.296302e-02,1.058148e-01,4.943345e-02,1.992181e-09,9.855393e-01,1231.093393
7.430253e+01,2.294612e-02,1.055702e-01,4.958571e-02,1.998887e-09,9.810784e-01,1235.650056
7.430253e+01,2.294612e-02,1.055702e-01,4.958571e-02,1.998887e-09,9.810784e-01,1235.650056
7.370121e+01,2.290342e-02,1.060845e-01,4.874789e-02,1.980780e-09,9.813869e-01,1232.623241
7.370121e+01,2.290342e-02,1.060845e-01,4.874789e-02,1.980780e-09,9.813869e-01,1232.623241
7.370121e+01,2.290342e-02,1.060845e-01,4.874789e-02,1.980780e-09,9.813869e-01,1232.623241
7.370121e+01,2.290342e-02,1.060845e-01,4.874789e-02,1.980780e-09,9.813869e-01,1232.623241
7.370121e+01,2.290342e-02,1.060845e-01,4.874789e-02,1.980780e-09,9.813869e-01,1232.623241
7.370121e+01,2.290342e-02,1.060845e-01,4.874789e-02,1.980780e-09,9.813869e-01,1232.623241
7.370121e+01,2.290342e-02,1.060845e-01,4.874789e-02,1.980780e-09,9.813869e-01,1232.623241
7.374292e+01,2.284671e-02,1.063294e-01,4.868945e-02,1.985758e-09,9.801680e-01,1232.414538
7.374292e+01,2.284671e-02,1.063294e-01,4.868945e-02,1.985758e-09,9.801680e-01,1232.414538
7.374292e+01,2.284671e-02,1.063294e-01,4.868945e-02,1.985758e-09,9.801680e-01,1232.414538
7.374292e+01,2.284671e-02,1.063294e-01,4.868945e-02,1.985758e-09,9.801680e-01,1232.414538
7.374292e+01,2.284671e-02,1.063294e-01,4.868945e-02,1.985758e-09,9.801680e-01,1232.414538
7.346860e+01,2.299198e-02,1.064215e-01,4.903358e-02,1.989406e-09,9.770532e-01,1232.484698
7.346860e+01,2.299198e-02,1.064215e-01,4.903358e-02,1.989406e-09,9.770532e-01,1232.484698
7.346860e+01,2.299198e-02,1.064215e-01,4.903358e-02,1.989406e-09,9.770532e-01,1232.484698
7.346860e+01,2.299198e-02,1.064215e-01,4.903358e-02,1.989406e-09,9.770532e-01,1232.484698
7.338081e+01,2.297548e-02,1.057576e-01,4.865862e-02,1.988562e-09,9.839159e-01,1230.930520
7.338081e+01,2.297548e-02,1.057576e-01,4.865862e-02,1.988562e-09,9.839159e-01,1230.930520
7.327573e+01,2.287725e-02,1.059679e-01,4.865866e-02,1.978629e-09,9.756096e-01,1232.035260
7.390745e+01,2.285242e-02,1.063263e-01,4.856794e-02,1.986470e-09,9.837405e-01,1233.332460
7.390745e+01,2.285242e-02,1.063263e-01,4.856794e-02,1.986470e-09,9.837405e-01,1233.332460
7.390745e+01,2.285242e-02,1.063263e-01,4.856794e-02,1.986470e-09,9.837405e-01,1233.332460
7.390745e+01,2.285242e-02,1.063263e-01,4.856794e-02,1.986470e-09,9.837405e-01,1233.332460
7.388421e+01,2.287141e-02,1.059777e-01,4.850004e-02,1.980487e-09,9.832036e-01,1233.300828
7.372860e+01,2.284193e-02,1.055999e-01,4.838085e-02,1.976304e-09,9.766802e-01,1232.540612
7.372860e+01,2.284193e-02,1.055999e-01,4.838085e-02,1.976304e-09,9.766802e-01,1232.540612
7.372860e+01,2.284193e-02,1.055999e-01,4.838085e-02,1.976304e-09,9.766802e-01,1232.540612
7.372860e+01,2.284193e-02,1.055999e-01,4.838085e-02,1.976304e-09,9.766802e-01,1232.540612
7.351916e+01,2.277059e-02,1.056801e-01,4.853969e-02,1.967084e-09,9.756332e-01,1234.310216
7.351916e+01,2.277059e-02,1.056801e-01,4.853969e-02,1.967084e-09,9.756332e-01,1234.310216
7.412132e+01,2.283728e-02,1.055659e-01,4.866961e-02,1.969594e-09,9.813995e-01,1237.061190
7.449020e+01,2.286737e-02,1.053132e-01,4.770148e-02,1.980797e-09,9.762695e-01,1236.480705
7.449020e+01,2.286737e-02,1.053132e-01,4.770148e-02,1.980797e-09,9.762695e-01,1236.480705
7.457991e+01,2.287413e-02,1.055535e-01,4.766806e-02,1.982166e-09,9.824402e-01,1234.859407
7.457991e+01,2.287413e-02,1.055535e-01,4.766806e-02,1.982166e-09,9.824402e-01,1234.859407
7.445834e+01,2.282991e-02,1.055549e-01,4.799987e-02,1.982965e-09,9.809416e-01,1234.672667
7.445834e+01,2.282991e-02,1.055549e-01,4.799987e-02,1.982965e-09,9.809416e-01,1234.672667
7.438084e+01,2.276998e-02,1.062364e-01,4.792600e-02,1.991033e-09,9.873567e-01,1236.546811
7.438084e+01,2.276998e-02,1.062364e-01,4.792600e-02,1.991033e-09,9.873567e-01,1236.546811
7.438084e+01,2.276998e-02,1.062364e-01,4.792600e-02,1.991033e-09,9.873567e-01,1236.546811
7.438084e+01,2.276998e-02,1.062364e-01,4.792600e-02,1.991033e-09,9.873567e-01,1236.546811
7.438084e+01,2.276998e-02,1.062364e-01,4.792600e-02,1.991033e-09,9.873567e-01,1236.546811
7.409884e+01,2.264005e-02,1.061987e-01,4.794797e-02,1.995595e-09,9.942142e-01,1240.308323
7.409884e+01,2.264005e-02,1.061987e-01,4.794797e-02,1.995595e-09,9.942142e-01,1240.308323
7.409884e+01,2.264005e-02,1.061987e-01,4.794797e-02,1.995595e-09,9.942142e-01,1240.308323
7.409884e+01,2.264005e-02,1.061987e-01,4.794797e-02,1.995595e-09,9.942142e-01,1240.308323
7.418260e+01,2.264745e-02,1.060454e-01,4.776542e-02,1.999870e-09,9.883571e-01,1237.996019
7.418260e+01,2.264745e-02,1.060454e-01,4.776542e-02,1.999870e-09,9.883571e-01,1237.996019
7.418260e+01,2.264745e-02,1.060454e-01,4.776542e-02,1.999870e-09,9.883571e-01,1237.996019
7.418260e+01,2.264745e-02,1.060454e-01,4.776542e-02,1.999870e-09,9.883571e-01,1237.996019
7.418260e+01,2.264745e-02,1.060454e-01,4.776542e-02,1.999870e-09,9.883571e-01,1237.996019
7.418260e+01,2.264745e-02,1.060454e-01,4.776542e-02,1.999870e-09,9.883571e-01,1237.996019
7.418260e+01,2.264745e-02,1.060454e-01,4.776542e-02,1.999870e-09,9.883571e-01,1237.996019
7.418260e+01,2.264745e-02,1.060454e-01,4.776542e-02,1.999870e-09,9.883571e-01,1237.996019
7.418260e+01,2.264745e-02,1.060454e-01,4.776542e-02,1.999870e-09,9.883571e-01,1237.996019
7.418260e+01,2.264745e-02,1.060454e-01,4.776542e-02,1.999870e-09,9.883571e-01,1237.996019
7.418260e+01,2.264745e-02,1.060454e-01,4.776542e-02,1.999870e-09,9.883571e-01,1237.996019
7.418260e+01,2.264745e-02,1.060454e-01,4.776542e-02,1.999870e-09,9.883571e-01,1237.996019
7.455922e+01,2.268485e-02,1.057322e-01,4.749706e-02,1.990208e-09,9.914240e-01,1239.357589
7.455922e+01,2.268485e-02,1.057322e-01,4.749706e-02,1.990208e-09,9.914240e-01,1239.357589
7.447973e+01,2.264297e-02,1.049963e-01,4.730785e-02,1.991496e-09,9.896487e-01,1238.531507
7.447973e+01,2.264297e-02,1.049963e-01,4.730785e-02,1.991496e-09,9.896487e-01,1238.531507
7.460745e+01,2.255073e-02,1.047391e-01,4.748501e-02,1.986883e-09,9.910044e-01,1240.167310
7.435183e+01,2.271437e-02,1.050264e-01,4.785611e-02,1.966230e-09,9.875568e-01,1240.302398
7.429506e+01,2.260263e-02,1.039282e-01,4.786573e-02,1.963936e-09,9.796580e-01,1233.751272
7.429506e+01,2.260263e-02,1.039282e-01,4.786573e-02,1.963936e-09,9.796580e-01,1233.751272
7.429506e+01,2.260263e-02,1.039282e-01,4.786573e-02,1.963936e-09,9.796580e-01,1233.751272
7.429506e+01,2.260263e-02,1.039282e-01,4.786573e-02,1.963936e-09,9.796580e-01,1233.751272
7.429607e+01,2.270518e-02,1.033568e-01,4.767593e-02,1.964867e-09,9.803635e-01,1233.482496
7.429607e+01,2.270518e-02,1.033568e-01,4.767593e-02,1.964867e-09,9.803635e-01,1233.482496
7.429607e+01,2.270518e-02,1.033568e-01,4.767593e-02,1.964867e-09,9.803635e-01,1233.482496
7.373554e+01,2.267293e-02,1.030395e-01,4.761264e-02,1.960474e-09,9.805487e-01,1233.132230
7.409670e+01,2.257667e-02,1.030484e-01,4.754756e-02,1.947189e-09,9.824433e-01,1235.480323
7.409670e+01,2.257667e-02,1.030484e-01,4.754756e-02,1.947189e-09,9.824433e-01,1235.480323
7.409670e+01,2.257667e-02,1.030484e-01,4.754756e-02,1.947189e-09,9.824433e-01,1235.480323
7.398369e+01,2.267930e-02,1.024376e-01,4.785421e-02,1.951531e-09,9.896786e-01,1235.823128
7.364020e+01,2.259433e-02,1.022821e-01,4.778113e-02,1.957343e-09,9.875222e-01,1234.741037
7.364020e+01,2.259433e-02,1.022821e-01,4.778113e-02,1.957343e-09,9.875222e-01,1234.741037
7.364020e+01,2.259433e-02,1.022821e-01,4.778113e-02,1.957343e-09,9.875222e-01,1234.741037
7.364020e+01,2.259433e-02,1.022821e-01,4.778113e-02,1.957343e-09,9.875222e-01,1234.741037
7.364020e+01,2.259433e-02,1.022821e-01,4.778113e-02,1.957343e-09,9.875222e-01,1234.741037
7.364020e+01,2.259433e-02,1.022821e-01,4.778113e-02,1.957343e-09,9.875222e-01,1234.741037
7.364020e+01,2.259433e-02,1.022821e-01,4.778113e-02,1.957343e-09,9.875222e-01,1234.741037
7.364020e+01,2.259433e-02,1.022821e-01,4.778113e-02,1.957343e-09,9.875222e-01,1234.741037
7.418794e+01,2.274617e-02,1.020318e-01,4.771934e-02,1.949479e-09,9.865020e-01,1233.942324
7.389380e+01,2.259555e-02,1.024338e-01,4.754801e-02,1.946120e-09,9.807653e-01,1233.477828
7.389380e+01,2.259555e-02,1.024338e-01,4.754801e-02,1.946120e-09,9.807653e-01,1233.477828
7.391968e+01,2.257477e-02,1.030463e-01,4.744213e-02,1.945273e-09,9.794334e-01,1234.363492
7.405315e+01,2.236450e-02,1.019935e-01,4.734614e-02,1.938275e-09,9.812316e-01,1236.061136
7.423987e+01,2.219091e-02,1.019631e-01,4.745537e-02,1.931872e-09,9.788928e-01,1240.105818
7.420862e+01,2.221105e-02,1.020505e-01,4.725543e-02,1.940276e-09,9.762990e-01,1235.944687
7.330864e+01,2.209756e-02,1.024919e-01,4.723985e-02,1.936208e-09,9.627952e-01,1236.752137
7.330864e+01,2.209756e-02,1.024919e-01,4.723985e-02,1.936208e-09,9.627952e-01,1236.752137
7.286726e+01,2.216143e-02,1.024293e-01,4.729930e-02,1.923513e-09,9.612372e-01,1237.314371
7.308324e+01,2.200156e-02,1.028161e-01,4.705168e-02,1.937293e-09,9.708138e-01,1235.167320
7.308324e+01,2.200156e-02,1.028161e-01,4.705168e-02,1.937293e-09,9.708138e-01,1235.167320
7.264240e+01,2.206713e-02,1.034360e-01,4.685293e-02,1.927390e-09,9.644273e-01,1236.669221
7.264240e+01,2.206713e-02,1.034360e-01,4.685293e-02,1.927390e-09,9.644273e-01,1236.669221
7.264240e+01,2.206713e-02,1.034360e-01,4.685293e-02,1.927390e-09,9.644273e-01,1236.669221
7.264240e+01,2.206713e-02,1.034360e-01,4.685293e-02,1.927390e-09,9.644273e-01,1236.669221
7.264240e+01,2.206713e-02,1.034360e-01,4.685293e-02,1.927390e-09,9.644273e-01,1236.669221
7.264240e+01,2.206713e-02,1.034360e-01,4.685293e-02,1.927390e-09,9.644273e-01,1236.669221
7.286480e+01,2.217094e-02,1.038505e-01,4.713396e-02,1.930490e-09,9.606604e-01,1237.417819
7.299642e+01,2.218676e-02,1.035601e-01,4.715074e-02,1.935288e-09,9.647990e-01,1235.202298
7.299642e+01,2.218676e-02,1.035601e-01,4.715074e-02,1.935288e-09,9.647990e-01,1235.202298
7.291145e+01,2.206900e-02,1.038588e-01,4.703940e-02,1.939090e-09,9.669462e-01,1234.995937
7.291145e+01,2.206900e-02,1.038588e-01,4.703940e-02,1.939090e-09,9.669462e-01,1234.995937
7.291145e+01,2.206900e-02,1.038588e-01,4.703940e-02,1.939090e-09,9.669462e-01,1234.995937
7.303371e+01,2.223929e-02,1.038580e-01,4.732073e-02,1.940521e-09,9.691499e-01,1234.748369
7.303371e+01,2.223929e-02,1.038580e-01,4.732073e-02,1.940521e-09,9.691499e-01,1234.748369
7.303371e+01,2.223929e-02,1.038580e-01,4.732073e-02,1.940521e-09,9.691499e-01,1234.748369
7.298125e+01,2.221285e-02,1.042297e-01,4.724735e-02,1.942341e-09,9.647197e-01,1234.780629
7.298125e+01,2.221285e-02,1.042297e-01,4.724735e-02,1.942341e-09,9.647197e-01,1234.780629
7.298125e+01,2.221285e-02,1.042297e-01,4.724735e-02,1.942341e-09,9.647197e-01,1234.780629
7.299408e+01,2.228187e-02,1.037222e-01,4.712326e-02,1.935445e-09,9.651445e-01,1235.479373
7.299408e+01,2.228187e-02,1.037222e-01,4.712326e-02,1.935445e-09,9.651445e-01,1235.479373
7.306630e+01,2.239175e-02,1.038868e-01,4.751911e-02,1.936249e-09,9.708750e-01,1237.586618
7.306630e+01,2.239175e-02,1.038868e-01,4.751911e-02,1.936249e-09,9.708750e-01,1237.586618
7.334698e+01,2.245193e-02,1.033342e-01,4.727926e-02,1.936437e-09,9.759806e-01,1237.129062
7.334698e+01,2.245193e-02,1.033342e-01,4.727926e-02,1.936437e-09,9.759806e-01,1237.129062
7.334698e+01,2.245193e-02,1.033342e-01,4.727926e-02,1.936437e-09,9.759806e-01,1237.129062
7.318504e+01,2.249286e-02,1.033589e-01,4.630479e-02,1.940065e-09,9.694352e-01,1234.061530
7.318504e+01,2.249286e-02,1.033589e-01,4.630479e-02,1.940065e-09,9.694352e-01,1234.061530
7.318504e+01,2.249286e-02,1.033589e-01,4.630479e-02,1.940065e-09,9.694352e-01,1234.061530
7.318504e+01,2.249286e-02,1.033589e-01,4.630479e-02,1.940065e-09,9.694352e-01,1234.061530
7.318504e+01,2.249286e-02,1.033589e-01,4.630479e-02,1.940065e-09,9.694352e-01,1234.061530
7.302931e+01,2.238977e-02,1.037247e-01,4.689605e-02,1.945402e-09,9.709843e-01,1232.950743
7.317264e+01,2.229819e-02,1.040325e-01,4.690743e-02,1.957431e-09,9.778319e-01,1233.025781
7.317264e+01,2.229819e-02,1.040325e-01,4.690743e-02,1.957431e-09,9.778319e-01,1233.025781
7.315384e+01,2.222168e-02,1.023878e-01,4.698623e-02,1.952175e-09,9.747597e-01,1236.907586
7.315384e+01,2.222168e-02,1.023878e-01,4.698623e-02,1.952175e-09,9.747597e-01,1236.907586
7.315384e+01,2.222168e-02,1.023878e-01,4.698623e-02,1.952175e-09,9.747597e-01,1236.907586
7.315384e+01,2.222168e-02,1.023878e-01,4.698623e-02,1.952175e-09,9.747597e-01,1236.907586
7.315384e+01,2.222168e-02,1.023878e-01,4.698623e-02,1.952175e-09,9.747597e-01,1236.907586
7.260312e+01,2.217418e-02,1.025265e-01,4.732903e-02,1.946423e-09,9.785715e-01,1235.729351
7.260312e+01,2.217418e-02,1.025265e-01,4.732903e-02,1.946423e-09,9.785715e-01,1235.729351
7.260312e+01,2.217418e-02,1.025265e-01,4.732903e-02,1.946423e-09,9.785715e-01,1235.729351
7.264981e+01,2.234690e-02,1.030382e-01,4.743906e-02,1.940201e-09,9.823515e-01,1238.904254
7.255227e+01,2.243519e-02,1.038221e-01,4.769068e-02,1.942271e-09,9.798329e-01,1238.896660
7.255227e+01,2.243519e-02,1.038221e-01,4.769068e-02,1.942271e-09,9.798329e-01,1238.896660
7.182223e+01,2.261706e-02,1.045446e-01,4.776237e-02,1.961394e-09,9.730828e-01,1235.760728
7.212370e+01,2.263004e-02,1.050310e-01,4.777962e-02,1.966502e-09,9.755077e-01,1232.634882
7.212370e+01,2.263004e-02,1.050310e-01,4.777962e-02,1.966502e-09,9.755077e-01,1232.634882
7.212370e+01,2.263004e-02,1.050310e-01,4.777962e-02,1.966502e-09,9.755077e-01,1232.634882
7.229585e+01,2.278355e-02,1.058286e-01,4.796417e-02,1.970396e-09,9.811252e-01,1232.660083
7.261771e+01,2.294967e-02,1.056924e-01,4.814644e-02,1.988549e-09,9.846061e-01,1232.402891
7.284888e+01,2.289508e-02,1.051364e-01,4.843972e-02,1.981540e-09,9.842624e-01,1231.785009
7.284888e+01,2.289508e-02,1.051364e-01,4.843972e-02,1.981540e-09,9.842624e-01,1231.785009
7.284888e+01,2.289508e-02,1.051364e-01,4.843972e-02,1.981540e-09,9.842624e-01,1231.785009
7.284888e+01,2.289508e-02,1.051364e-01,4.843972e-02,1.981540e-09,9.842624e-01,1231.785009
7.275148e+01,2.298931e-02,1.050584e-01,4.855766e-02,1.975559e-09,9.853515e-01,1232.892093
7.283311e+01,2.302566e-02,1.053343e-01,4.860221e-02,1.979017e-09,9.793476e-01,1233.321118
7.283311e+01,2.302566e-02,1.053343e-01,4.860221e-02,1.979017e-09,9.793476e-01,1233.321118
7.283311e+01,2.302566e-02,1.053343e-01,4.860221e-02,1.979017e-09,9.793476e-01,1233.321118
7.314989e+01,2.302221e-02,1.055300e-01,4.875119e-02,1.982028e-09,9.769728e-01,1233.583739
7.321311e+01,2.306559e-02,1.054064e-01,4.875482e-02,1.991701e-09,9.824345e-01,1234.047771
7.284791e+01,2.301046e-02,1.054970e-01,4.858289e-02,1.985977e-09,9.779258e-01,1235.008401
7.284791e+01,2.301046e-02,1.054970e-01,4.858289e-02,1.985977e-09,9.779258e-01,1235.008401
7.284791e+01,2.301046e-02,1.054970e-01,4.858289e-02,1.985977e-09,9.779258e-01,1235.008401
7.267420e+01,2.299540e-02,1.051331e-01,4.852216e-02,1.966740e-09,9.754169e-01,1235.120418
7.267420e+01,2.299540e-02,1.051331e-01,4.852216e-02,1.966740e-09,9.754169e-01,1235.120418
7.267420e+01,2.299540e-02,1.051331e-01,4.852216e-02,1.966740e-09,9.754169e-01,1235.120418
7.267420e+01,2.299540e-02,1.051331e-01,4.852216e-02,1.966740e-09,9.754169e-01,1235.120418
7.265233e+01,2.294820e-02,1.060730e-01,4.832148e-02,1.980093e-09,9.711418e-01,1235.667667
7.265233e+01,2.294820e-02,1.060730e-01,4.832148e-02,1.980093e-09,9.711418e-01,1235.667667
7.239922e+01,2.297073e-02,1.062421e-01,4.833523e-02,1.981318e-09,9.693893e-01,1237.974566
7.239922e+01,2.297073e-02,1.062421e-01,4.833523e-02,1.981318e-09,9.693893e-01,1237.974566
7.203902e+01,2.290439e-02,1.061810e-01,4.833597e-02,1.975485e-09,9.686572e-01,1237.225163
7.161409e+01,2.278667e-02,1.059514e-01,4.848645e-02,1.988180e-09,9.814560e-01,1234.888333
7.180755e+01,2.281169e-02,1.060743e-01,4.877337e-02,1.971820e-09,9.771232e-01,1233.924647
7.174493e+01,2.272316e-02,1.061737e-01,4.905723e-02,1.981927e-09,9.781627e-01,1232.021559
7.174493e+01,2.272316e-02,1.061737e-01,4.905723e-02,1.981927e-09,9.781627e-01,1232.021559
7.185937e+01,2.254825e-02,1.060729e-01,4.884525e-02,1.987943e-09,9.831789e-01,1232.057249
7.198328e+01,2.248721e-02,1.060320e-01,4.889955e-02,1.971403e-09,9.808906e-01,1234.442707
7.201727e+01,2.257562e-02,1.068465e-01,4.835806e-02,1.977946e-09,9.799045e-01,1232.258053
7.201727e+01,2.257562e-02,1.068465e-01,4.835806e-02,1.977946e-09,9.799045e-01,1232.258053
7.201727e+01,2.257562e-02,1.068465e-01,4.835806e-02,1.977946e-09,9.799045e-01,1232.258053
7.201727e+01,2.257562e-02,1.068465e-01,4.835806e-02,1.977946e-09,9.799045e-01,1232.258053
7.174258e+01,2.264426e-02,1.060522e-01,4.871349e-02,1.983118e-09,9.820529e-01,1232.146993
7.174258e+01,2.264426e-02,1.060522e-01,4.871349e-02,1.983118e-09,9.820529e-01,1232.146993
7.248516e+01,2.271441e-02,1.057418e-01,4.838826e-02,1.998705e-09,9.867201e-01,1234.797024
7.251388e+01,2.279765e-02,1.062520e-01,4.910528e-02,1.994060e-09,9.873622e-01,1231.187747
7.251388e+01,2.279765e-02,1.062520e-01,4.910528e-02,1.994060e-09,9.873622e-01,1231.187747
7.251388e+01,2.279765e-02,1.062520e-01,4.910528e-02,1.994060e-09,9.873622e-01,1231.187747
7.251388e+01,2.279765e-02,1.062520e-01,4.910528e-02,1.994060e-09,9.873622e-01,1231.187747
7.251388e+01,2.279765e-02,1.062520e-01,4.910528e-02,1.994060e-09,9.873622e-01,1231.187747
7.251388e+01,2.279765e-02,1.062520e-01,4.910528e-02,1.994060e-09,9.873622e-01,1231.187747
7.251388e+01,2.279765e-02,1.062520e-01,4.910528e-02,1.994060e-09,9.873622e-01,1231.187747
7.252013e+01,2.280812e-02,1.057428e-01,4.950793e-02,1.989172e-09,9.931519e-01,1234.965604
7.291229e+01,2.277866e-02,1.053400e-01,4.933640e-02,1.978285e-09,9.819160e-01,1231.141562
7.291229e+01,2.277866e-02,1.053400e-01,4.933640e-02,1.978285e-09,9.819160e-01,1231.141562
7.291229e+01,2.277866e-02,1.053400e-01,4.933640e-02,1.978285e-09,9.819160e-01,1231.141562
7.291229e+01,2.277866e-02,1.053400e-01,4.933640e-02,1.978285e-09,9.819160e-01,1231.141562
7.233271e+01,2.280593e-02,1.053079e-01,4.962486e-02,1.974117e-09,9.767930e-01,1232.799902
7.233271e+01,2.280593e-02,1.053079e-01,4.962486e-02,1.974117e-09,9.767930e-01,1232.799902
7.233271e+01,2.280593e-02,1.053079e-01,4.962486e-02,1.974117e-09,9.767930e-01,1232.799902
7.233271e+01,2.280593e-02,1.053079e-01,4.962486e-02,1.974117e-09,9.767930e-01,1232.799902
7.233271e+01,2.280593e-02,1.053079e-01,4.962486e-02,1.974117e-09,9.767930e-01,1232.799902
7.233271e+01,2.280593e-02,1.053079e-01,4.962486e-02,1.974117e-09,9.767930e-01,1232.799902
7.206405e+01,2.276862e-02,1.053419e-01,4.947785e-02,1.973833e-09,9.814072e-01,1233.625534
7.206405e+01,2.276862e-02,1.053419e-01,4.947785e-02,1.973833e-09,9.814072e-01,1233.625534
7.245339e+01,2.272925e-02,1.048116e-01,4.933594e-02,1.979610e-09,9.779850e-01,1233.509969
7.245339e+01,2.272925e-02,1.048116e-01,4.933594e-02,1.979610e-09,9.779850e-01,1233.509969
7.245339e+01,2.272925e-02,1.048116e-01,4.933594e-02,1.979610e-09,9.779850e-01,1233.509969
7.236252e+01,2.272457e-02,1.045663e-01,4.963069e-02,1.968700e-09,9.839269e-01,1234.656514
7.267475e+01,2.281192e-02,1.046944e-01,4.992376e-02,1.979205e-09,9.784847e-01,1233.112075
7.267475e+01,2.281192e-02,1.046944e-01,4.992376e-02,1.979205e-09,9.784847e-01,1233.112075
7.283392e+01,2.275081e-02,1.046116e-01,5.014967e-02,1.982439e-09,9.787110e-01,1232.894361
7.334771e+01,2.280371e-02,1.047966e-01,4.980596e-02,1.990973e-09,9.791983e-01,1234.916342
7.334771e+01,2.280371e-02,1.047966e-01,4.980596e-02,1.990973e-09,9.791983e-01,1234.916342
7.330877e+01,2.289053e-02,1.048169e-01,4.970589e-02,1.990813e-09,9.815239e-01,1234.003470
7.296121e+01,2.269445e-02,1.048357e-01,4.989488e-02,1.981878e-09,9.833947e-01,1231.334982
7.296121e+01,2.269445e-02,1.048357e-01,4.989488e-02,1.981878e-09,9.833947e-01,1231.334982
7.296121e+01,2.269445e-02,1.048357e-01,4.989488e-02,1.981878e-09,9.833947e-01,1231.334982
7.288635e+01,2.277630e-02,1.051116e-01,5.014658e-02,1.971624e-09,9.753653e-01,1232.467452
7.288635e+01,2.277630e-02,1.051116e-01,5.014658e-02,1.971624e-09,9.753653e-01,1232.467452
7.261862e+01,2.269400e-02,1.047613e-01,4.994610e-02,1.984378e-09,9.766957e-01,1234.334482
7.261862e+01,2.269400e-02,1.047613e-01,4.994610e-02,1.984378e-09,9.766957e-01,1234.334482
7.261862e+01,2.269400e-02,1.047613e-01,4.994610e-02,1.984378e-09,9.766957e-01,1234.334482
7.269533e+01,2.272320e-02,1.056448e-01,5.008814e-02,1.986511e-09,9.775680e-01,1230.972455
7.269533e+01,2.272320e-02,1.056448e-01,5.008814e-02,1.986511e-09,9.775680e-01,1230.972455
7.283113e+01,2.262580e-02,1.059290e-01,5.004520e-02,1.979327e-09,9.717929e-01,1231.593005
7.283113e+01,2.262580e-02,1.059290e-01,5.004520e-02,1.979327e-09,9.717929e-01,1231.593005
7.242247e+01,2.248103e-02,1.056557e-01,5.067394e-02,1.974186e-09,9.690884e-01,1231.852112
7.242247e+01,2.248103e-02,1.056557e-01,5.067394e-02,1.974186e-09,9.690884e-01,1231.852112
7.189061e+01,2.248435e-02,1.066725e-01,5.066228e-02,1.970255e-09,9.611661e-01,1235.219177
7.190192e+01,2.223707e-02,1.068561e-01,5.041036e-02,1.971144e-09,9.675664e-01,1234.551759
7.190192e+01,2.223707e-02,1.068561e-01,5.041036e-02,1.971144e-09,9.675664e-01,1234.551759
7.190192e+01,2.223707e-02,1.068561e-01,5.041036e-02,1.971144e-09,9.675664e-01,1234.551759
7.232705e+01,2.216463e-02,1.068555e-01,5.026586e-02,1.978088e-09,9.653947e-01,1233.445795
7.232705e+01,2.216463e-02,1.068555e-01,5.026586e-02,1.978088e-09,9.653947e-01,1233.445795
7.174399e+01,2.200908e-02,1.066461e-01,4.985060e-02,1.971376e-09,9.650852e-01,1233.005884
7.174399e+01,2.200908e-02,1.066461e-01,4.985060e-02,1.971376e-09,9.650852e-01,1233.005884
7.174399e+01,2.200908e-02,1.066461e-01,4.985060e-02,1.971376e-09,9.650852e-01,1233.005884
7.174399e+01,2.200908e-02,1.066461e-01,4.985060e-02,1.971376e-09,9.650852e-01,1233.005884
7.171943e+01,2.207024e-02,1.059608e-01,5.008980e-02,1.965616e-09,9.678913e-01,1233.520246
7.192877e+01,2.201404e-02,1.055146e-01,4.999313e-02,1.967864e-09,9.672874e-01,1232.513279
7.192877e+01,2.201404e-02,1.055146e-01,4.999313e-02,1.967864e-09,9.672874e-01,1232.513279
7.200868e+01,2.199265e-02,1.062120e-01,4.992844e-02,1.978257e-09,9.721387e-01,1233.702321
7.200868e+01,2.199265e-02,1.062120e-01,4.992844e-02,1.978257e-09,9.721387e-01,1233.702321
7.168799e+01,2.194293e-02,1.061102e-01,4.999124e-02,1.975243e-09,9.710712e-01,1233.503274
7.167413e+01,2.194341e-02,1.062126e-01,5.020046e-02,1.985174e-09,9.688711e-01,1233.244326
7.167413e+01,2.194341e-02,1.062126e-01,5.020046e-02,1.985174e-09,9.688711e-01,1233.244326
7.167413e+01,2.194341e-02,1.062126e-01,5.020046e-02,1.985174e-09,9.688711e-01,1233.244326
7.167413e+01,2.194341e-02,1.062126e-01,5.020046e-02,1.985174e-09,9.688711e-01,1233.244326
7.167413e+01,2.194341e-02,1.062126e-01,5.020046e-02,1.985174e-09,9.688711e-01,1233.244326
7.096865e+01,2.185605e-02,1.061651e-01,5.037528e-02,1.962498e-09,9.664775e-01,1236.025623
7.096865e+01,2.185605e-02,1.061651e-01,5.037528e-02,1.962498e-09,9.664775e-01,1236.025623
7.086718e+01,2.184576e-02,1.055066e-01,5.072063e-02,1.962605e-09,9.684786e-01,1236.007267
7.060011e+01,2.195045e-02,1.050973e-01,5.102927e-02,1.972035e-09,9.651843e-01,1236.170728
7.060011e+01,2.195045e-02,1.050973e-01,5.102927e-02,1.972035e-09,9.651843e-01,1236.170728
7.098919e+01,2.184068e-02,1.056125e-01,5.093447e-02,1.970421e-09,9.688286e-01,1234.274563
7.098919e+01,2.184068e-02,1.056125e-01,5.093447e-02,1.970421e-09,9.688286e-01,1234.274563
7.100555e+01,2.197275e-02,1.053019e-01,5.096926e-02,1.975983e-09,9.667226e-01,1234.151183
7.100555e+01,2.197275e-02,1.053019e-01,5.096926e-02,1.975983e-09,9.667226e-01,1234.151183
7.100555e+01,2.197275e-02,1.053019e-01,5.096926e-02,1.975983e-09,9.667226e-01,1234.151183
7.100555e+01,2.197275e-02,1.053019e-01,5.096926e-02,1.975983e-09,9.667226e-01,1234.151183
7.100555e+01,2.197275e-02,1.053019e-01,5.096926e-02,1.975983e-09,9.667226e-01,1234.151183
7.100555e+01,2.197275e-02,1.053019e-01,5.096926e-02,1.975983e-09,9.667226e-01,1234.151183
7.099137e+01,2.202722e-02,1.052319e-01,5.110167e-02,1.983409e-09,9.662670e-01,1237.609656
7.083398e+01,2.197884e-02,1.053172e-01,5.108000e-02,1.984937e-09,9.703661e-01,1236.912041
7.104076e+01,2.201919e-02,1.054841e-01,5.087420e-02,1.991961e-09,9.760219e-01,1237.538389
7.104076e+01,2.201919e-02,1.054841e-01,5.087420e-02,1.991961e-09,9.760219e-01,1237.538389
7.104076e+01,2.201919e-02,1.054841e-01,5.087420e-02,1.991961e-09,9.760219e-01,1237.538389
7.104076e+01,2.201919e-02,1.054841e-01,5.087420e-02,1.991961e-09,9.760219e-01,1237.538389
7.101061e+01,2.210662e-02,1.055049e-01,5.075122e-02,1.989432e-09,9.752576e-01,1236.367555
7.101061e+01,2.210662e-02,1.055049e-01,5.075122e-02,1.989432e-09,9.752576e-01,1236.367555
7.101061e+01,2.210662e-02,1.055049e-01,5.075122e-02,1.989432e-09,9.752576e-01,1236.367555
7.078982e+01,2.215250e-02,1.052430e-01,5.111996e-02,1.975951e-09,9.773625e-01,1236.849928
7.057965e+01,2.212301e-02,1.055278e-01,5.108532e-02,1.975394e-09,9.757911e-01,1236.870057
7.082724e+01,2.216871e-02,1.049023e-01,5.099301e-02,1.963059e-09,9.704141e-01,1236.470222
7.083378e+01,2.216627e-02,1.043014e-01,5.077513e-02,1.961401e-09,9.712130e-01,1237.843400
7.134719e+01,2.222433e-02,1.046122e-01,5.026168e-02,1.950674e-09,9.647124e-01,1236.357193
7.134067e+01,2.221473e-02,1.037820e-01,5.007632e-02,1.947106e-09,9.689596e-01,1237.804804
7.134067e+01,2.221473e-02,1.037820e-01,5.007632e-02,1.947106e-09,9.689596e-01,1237.804804
7.134067e+01,2.221473e-02,1.037820e-01,5.007632e-02,1.947106e-09,9.689596e-01,1237.804804
7.134067e+01,2.221473e-02,1.037820e-01,5.007632e-02,1.947106e-09,9.689596e-01,1237.804804
7.134067e+01,2.221473e-02,1.037820e-01,5.007632e-02,1.947106e-09,9.689596e-01,1237.804804
