H0,ombh2,omch2,tau,As,ns,chisq
6.500000e+01,2.000000e-02,1.000000e-01,5.000000e-02,2.000000e-09,9.600000e-01,1588.425776
6.498061e+01,1.998317e-02,9.946516e-02,5.029455e-02,1.998478e-09,9.699927e-01,1579.470983
6.482173e+01,1.984532e-02,9.983780e-02,5.019953e-02,1.995969e-09,9.690856e-01,1560.306938
6.496063e+01,1.977345e-02,9.969002e-02,4.988779e-02,1.985822e-09,9.660031e-01,1534.508321
6.538947e+01,1.967261e-02,9.882573e-02,4.997118e-02,1.978236e-09,9.686435e-01,1526.341549
6.556863e+01,1.954306e-02,9.890494e-02,4.970703e-02,1.975045e-09,9.751784e-01,1503.390382
6.570858e+01,1.941809e-02,9.915890e-02,4.972861e-02,1.964338e-09,9.750459e-01,1461.990001
6.570858e+01,1.941809e-02,9.915890e-02,4.972861e-02,1.964338e-09,9.750459e-01,1461.990001
6.570858e+01,1.941809e-02,9.915890e-02,4.972861e-02,1.964338e-09,9.750459e-01,1461.990001
6.617064e+01,1.942825e-02,9.932681e-02,4.989176e-02,1.966422e-09,9.746421e-01,1446.549813
6.592978e+01,1.947207e-02,1.002311e-01,5.017132e-02,1.953941e-09,9.704039e-01,1395.689166
6.592978e+01,1.947207e-02,1.002311e-01,5.017132e-02,1.953941e-09,9.704039e-01,1395.689166
6.592978e+01,1.947207e-02,1.002311e-01,5.017132e-02,1.953941e-09,9.704039e-01,1395.689166
6.592978e+01,1.947207e-02,1.002311e-01,5.017132e-02,1.953941e-09,9.704039e-01,1395.689166
6.592978e+01,1.947207e-02,1.002311e-01,5.017132e-02,1.953941e-09,9.704039e-01,1395.689166
6.618407e+01,1.961174e-02,9.979885e-02,5.009195e-02,1.946098e-09,9.691786e-01,1382.186074
6.618407e+01,1.961174e-02,9.979885e-02,5.009195e-02,1.946098e-09,9.691786e-01,1382.186074
6.599940e+01,1.949167e-02,9.944347e-02,5.000432e-02,1.937953e-09,9.664137e-01,1384.471748
6.601562e+01,1.951840e-02,9.976864e-02,4.968002e-02,1.929950e-09,9.678371e-01,1367.919019
6.601562e+01,1.951840e-02,9.976864e-02,4.968002e-02,1.929950e-09,9.678371e-01,1367.919019
6.601562e+01,1.951840e-02,9.976864e-02,4.968002e-02,1.929950e-09,9.678371e-01,1367.919019
6.609913e+01,1.959077e-02,9.956356e-02,5.014193e-02,1.918985e-09,9.647479e-01,1351.832604
6.609913e+01,1.959077e-02,9.956356e-02,5.014193e-02,1.918985e-09,9.647479e-01,1351.832604
6.609913e+01,1.959077e-02,9.956356e-02,5.014193e-02,1.918985e-09,9.647479e-01,1351.832604
6.618834e+01,1.954727e-02,9.963922e-02,5.035011e-02,1.908958e-09,9.643673e-01,1343.108837
6.618834e+01,1.954727e-02,9.963922e-02,5.035011e-02,1.908958e-09,9.643673e-01,1343.108837
6.583300e+01,1.943834e-02,1.001890e-01,5.062736e-02,1.923029e-09,9.574720e-01,1346.504570
6.583300e+01,1.943834e-02,1.001890e-01,5.062736e-02,1.923029e-09,9.574720e-01,1346.504570
6.583300e+01,1.943834e-02,1.001890e-01,5.062736e-02,1.923029e-09,9.574720e-01,1346.504570
6.583300e+01,1.943834e-02,1.001890e-01,5.062736e-02,1.923029e-09,9.574720e-01,1346.504570
6.623978e+01,1.944493e-02,1.006718e-01,5.089953e-02,1.899805e-09,9.492722e-01,1311.925709
6.623978e+01,1.944493e-02,1.006718e-01,5.089953e-02,1.899805e-09,9.492722e-01,1311.925709
6.623978e+01,1.944493e-02,1.006718e-01,5.089953e-02,1.899805e-09,9.492722e-01,1311.925709
6.623978e+01,1.944493e-02,1.006718e-01,5.089953e-02,1.899805e-09,9.492722e-01,1311.925709
6.623978e+01,1.944493e-02,1.006718e-01,5.089953e-02,1.899805e-09,9.492722e-01,1311.925709
6.623978e+01,1.944493e-02,1.006718e-01,5.089953e-02,1.899805e-09,9.492722e-01,1311.925709
6.623978e+01,1.944493e-02,1.006718e-01,5.089953e-02,1.899805e-09,9.492722e-01,1311.925709
6.623978e+01,1.944493e-02,1.006718e-01,5.089953e-02,1.899805e-09,9.492722e-01,1311.925709
6.604060e+01,1.950038e-02,1.004678e-01,5.126436e-02,1.903557e-09,9.456467e-01,1312.862724
6.604060e+01,1.950038e-02,1.004678e-01,5.126436e-02,1.903557e-09,9.456467e-01,1312.862724
6.604060e+01,1.950038e-02,1.004678e-01,5.126436e-02,1.903557e-09,9.456467e-01,1312.862724
6.604060e+01,1.950038e-02,1.004678e-01,5.126436e-02,1.903557e-09,9.456467e-01,1312.862724
6.604060e+01,1.950038e-02,1.004678e-01,5.126436e-02,1.903557e-09,9.456467e-01,1312.862724
6.601104e+01,1.971322e-02,1.006469e-01,5.139219e-02,1.905168e-09,9.450348e-01,1308.641368
6.601104e+01,1.971322e-02,1.006469e-01,5.139219e-02,1.905168e-09,9.450348e-01,1308.641368
6.590766e+01,1.957149e-02,1.012790e-01,5.143191e-02,1.901095e-09,9.360186e-01,1298.995750
6.590766e+01,1.957149e-02,1.012790e-01,5.143191e-02,1.901095e-09,9.360186e-01,1298.995750
6.636793e+01,1.966043e-02,1.010431e-01,5.109690e-02,1.892051e-09,9.389195e-01,1292.935221
6.636793e+01,1.966043e-02,1.010431e-01,5.109690e-02,1.892051e-09,9.389195e-01,1292.935221
6.636793e+01,1.966043e-02,1.010431e-01,5.109690e-02,1.892051e-09,9.389195e-01,1292.935221
6.636793e+01,1.966043e-02,1.010431e-01,5.109690e-02,1.892051e-09,9.389195e-01,1292.935221
6.636793e+01,1.966043e-02,1.010431e-01,5.109690e-02,1.892051e-09,9.389195e-01,1292.935221
6.636793e+01,1.966043e-02,1.010431e-01,5.109690e-02,1.892051e-09,9.389195e-01,1292.935221
6.636793e+01,1.966043e-02,1.010431e-01,5.109690e-02,1.892051e-09,9.389195e-01,1292.935221
6.636793e+01,1.966043e-02,1.010431e-01,5.109690e-02,1.892051e-09,9.389195e-01,1292.935221
6.636108e+01,1.974537e-02,1.008543e-01,5.089076e-02,1.884066e-09,9.356003e-01,1291.516127
6.631011e+01,1.973851e-02,1.008641e-01,5.108681e-02,1.887832e-09,9.301968e-01,1290.835084
6.628530e+01,1.972420e-02,1.014312e-01,5.103793e-02,1.892221e-09,9.255170e-01,1287.722851
6.628530e+01,1.972420e-02,1.014312e-01,5.103793e-02,1.892221e-09,9.255170e-01,1287.722851
6.677393e+01,1.971555e-02,1.022311e-01,5.093792e-02,1.897302e-09,9.268361e-01,1275.786073
6.677393e+01,1.971555e-02,1.022311e-01,5.093792e-02,1.897302e-09,9.268361e-01,1275.786073
6.720235e+01,1.957576e-02,1.019974e-01,5.075260e-02,1.902471e-09,9.283839e-01,1276.690733
6.671595e+01,1.958184e-02,1.017829e-01,5.128154e-02,1.888975e-09,9.238648e-01,1278.805200
6.671595e+01,1.958184e-02,1.017829e-01,5.128154e-02,1.888975e-09,9.238648e-01,1278.805200
6.662205e+01,1.962055e-02,1.017674e-01,5.144992e-02,1.882784e-09,9.199218e-01,1279.367028
6.662205e+01,1.962055e-02,1.017674e-01,5.144992e-02,1.882784e-09,9.199218e-01,1279.367028
6.703046e+01,1.974346e-02,1.022940e-01,5.148256e-02,1.880663e-09,9.213779e-01,1274.057832
6.703046e+01,1.974346e-02,1.022940e-01,5.148256e-02,1.880663e-09,9.213779e-01,1274.057832
6.701785e+01,1.977362e-02,1.028312e-01,5.177715e-02,1.884016e-09,9.267884e-01,1276.222031
6.668949e+01,1.992095e-02,1.022755e-01,5.154421e-02,1.901719e-09,9.350595e-01,1276.748926
6.668949e+01,1.992095e-02,1.022755e-01,5.154421e-02,1.901719e-09,9.350595e-01,1276.748926
6.684056e+01,1.988510e-02,1.028076e-01,5.153181e-02,1.913898e-09,9.379298e-01,1274.119642
6.684056e+01,1.988510e-02,1.028076e-01,5.153181e-02,1.913898e-09,9.379298e-01,1274.119642
6.730490e+01,1.978705e-02,1.024013e-01,5.155856e-02,1.901111e-09,9.315786e-01,1270.150284
6.739594e+01,1.962097e-02,1.028301e-01,5.146445e-02,1.892353e-09,9.236959e-01,1269.696495
6.739594e+01,1.962097e-02,1.028301e-01,5.146445e-02,1.892353e-09,9.236959e-01,1269.696495
6.739594e+01,1.962097e-02,1.028301e-01,5.146445e-02,1.892353e-09,9.236959e-01,1269.696495
6.737369e+01,1.978736e-02,1.026076e-01,5.119859e-02,1.891134e-09,9.254517e-01,1268.547231
6.737369e+01,1.978736e-02,1.026076e-01,5.119859e-02,1.891134e-09,9.254517e-01,1268.547231
6.737369e+01,1.978736e-02,1.026076e-01,5.119859e-02,1.891134e-09,9.254517e-01,1268.547231
6.749090e+01,1.981132e-02,1.032977e-01,5.126933e-02,1.891297e-09,9.189267e-01,1266.305210
6.763986e+01,1.999559e-02,1.030565e-01,5.145492e-02,1.895698e-09,9.172214e-01,1265.786818
6.763986e+01,1.999559e-02,1.030565e-01,5.145492e-02,1.895698e-09,9.172214e-01,1265.786818
6.784948e+01,1.993497e-02,1.027160e-01,5.137753e-02,1.887738e-09,9.171963e-01,1266.173786
6.784948e+01,1.993497e-02,1.027160e-01,5.137753e-02,1.887738e-09,9.171963e-01,1266.173786
6.784948e+01,1.993497e-02,1.027160e-01,5.137753e-02,1.887738e-09,9.171963e-01,1266.173786
6.784948e+01,1.993497e-02,1.027160e-01,5.137753e-02,1.887738e-09,9.171963e-01,1266.173786
6.769660e+01,1.975717e-02,1.029060e-01,5.156734e-02,1.878918e-09,9.193139e-01,1272.161805
6.737944e+01,1.973592e-02,1.030880e-01,5.181276e-02,1.895470e-09,9.189635e-01,1267.386409
6.772530e+01,1.978135e-02,1.026587e-01,5.143551e-02,1.903648e-09,9.247670e-01,1266.184612
6.770222e+01,1.975959e-02,1.032790e-01,5.159121e-02,1.905767e-09,9.250842e-01,1264.310110
6.791305e+01,1.981629e-02,1.035121e-01,5.196193e-02,1.905238e-09,9.253324e-01,1262.693459
6.791305e+01,1.981629e-02,1.035121e-01,5.196193e-02,1.905238e-09,9.253324e-01,1262.693459
6.765989e+01,1.979269e-02,1.030592e-01,5.207695e-02,1.901347e-09,9.191926e-01,1265.704593
6.756601e+01,1.986877e-02,1.033866e-01,5.198805e-02,1.896504e-09,9.246195e-01,1265.601708
6.744194e+01,1.990068e-02,1.028478e-01,5.226743e-02,1.899655e-09,9.190374e-01,1267.208291
6.733227e+01,1.977894e-02,1.035017e-01,5.233516e-02,1.909547e-09,9.249179e-01,1265.155766
6.733227e+01,1.977894e-02,1.035017e-01,5.233516e-02,1.909547e-09,9.249179e-01,1265.155766
6.733227e+01,1.977894e-02,1.035017e-01,5.233516e-02,1.909547e-09,9.249179e-01,1265.155766
6.731388e+01,1.979514e-02,1.046788e-01,5.199730e-02,1.904343e-09,9.217527e-01,1264.791047
6.731388e+01,1.979514e-02,1.046788e-01,5.199730e-02,1.904343e-09,9.217527e-01,1264.791047
6.731388e+01,1.979514e-02,1.046788e-01,5.199730e-02,1.904343e-09,9.217527e-01,1264.791047
6.731388e+01,1.979514e-02,1.046788e-01,5.199730e-02,1.904343e-09,9.217527e-01,1264.791047
6.722911e+01,1.998725e-02,1.047359e-01,5.191174e-02,1.909883e-09,9.247350e-01,1261.367987
6.747087e+01,2.004467e-02,1.044554e-01,5.234568e-02,1.922371e-09,9.279827e-01,1258.696689
6.794037e+01,1.999753e-02,1.044223e-01,5.234767e-02,1.914902e-09,9.332785e-01,1261.518087
6.794037e+01,1.999753e-02,1.044223e-01,5.234767e-02,1.914902e-09,9.332785e-01,1261.518087
6.792611e+01,1.991967e-02,1.038965e-01,5.182754e-02,1.932449e-09,9.280160e-01,1265.487383
6.785903e+01,1.989924e-02,1.040836e-01,5.221189e-02,1.933970e-09,9.319219e-01,1262.945400
6.783853e+01,2.001030e-02,1.045825e-01,5.212191e-02,1.927542e-09,9.350617e-01,1258.357557
6.810927e+01,2.011791e-02,1.041234e-01,5.221244e-02,1.932634e-09,9.409973e-01,1258.264287
6.810927e+01,2.011791e-02,1.041234e-01,5.221244e-02,1.932634e-09,9.409973e-01,1258.264287
6.810927e+01,2.011791e-02,1.041234e-01,5.221244e-02,1.932634e-09,9.409973e-01,1258.264287
6.808219e+01,2.007048e-02,1.033446e-01,5.243959e-02,1.931134e-09,9.374165e-01,1261.216246
6.808219e+01,2.007048e-02,1.033446e-01,5.243959e-02,1.931134e-09,9.374165e-01,1261.216246
6.859066e+01,1.996193e-02,1.036513e-01,5.238894e-02,1.925516e-09,9.372630e-01,1259.778593
6.859066e+01,1.996193e-02,1.036513e-01,5.238894e-02,1.925516e-09,9.372630e-01,1259.778593
6.859066e+01,1.996193e-02,1.036513e-01,5.238894e-02,1.925516e-09,9.372630e-01,1259.778593
6.823778e+01,1.989805e-02,1.034270e-01,5.249616e-02,1.919030e-09,9.355458e-01,1261.861695
6.821644e+01,1.990825e-02,1.031523e-01,5.261407e-02,1.910894e-09,9.321975e-01,1261.835549
6.821644e+01,1.990825e-02,1.031523e-01,5.261407e-02,1.910894e-09,9.321975e-01,1261.835549
6.865195e+01,2.001283e-02,1.035100e-01,5.231672e-02,1.905235e-09,9.305372e-01,1261.106582
6.838108e+01,1.986904e-02,1.033646e-01,5.227199e-02,1.915331e-09,9.328367e-01,1261.452120
6.838108e+01,1.986904e-02,1.033646e-01,5.227199e-02,1.915331e-09,9.328367e-01,1261.452120
6.794090e+01,2.002707e-02,1.035368e-01,5.245300e-02,1.914851e-09,9.239424e-01,1260.403787
6.794090e+01,2.002707e-02,1.035368e-01,5.245300e-02,1.914851e-09,9.239424e-01,1260.403787
6.794090e+01,2.002707e-02,1.035368e-01,5.245300e-02,1.914851e-09,9.239424e-01,1260.403787
6.794090e+01,2.002707e-02,1.035368e-01,5.245300e-02,1.914851e-09,9.239424e-01,1260.403787
6.794090e+01,2.002707e-02,1.035368e-01,5.245300e-02,1.914851e-09,9.239424e-01,1260.403787
6.794090e+01,2.002707e-02,1.035368e-01,5.245300e-02,1.914851e-09,9.239424e-01,1260.403787
6.794090e+01,2.002707e-02,1.035368e-01,5.245300e-02,1.914851e-09,9.239424e-01,1260.403787
6.794090e+01,2.002707e-02,1.035368e-01,5.245300e-02,1.914851e-09,9.239424e-01,1260.403787
6.794090e+01,2.002707e-02,1.035368e-01,5.245300e-02,1.914851e-09,9.239424e-01,1260.403787
6.794090e+01,2.002707e-02,1.035368e-01,5.245300e-02,1.914851e-09,9.239424e-01,1260.403787
6.791646e+01,2.007275e-02,1.034591e-01,5.314321e-02,1.917868e-09,9.300791e-01,1259.133468
6.764516e+01,2.008331e-02,1.039408e-01,5.295651e-02,1.930101e-09,9.357641e-01,1259.848988
6.766110e+01,2.008093e-02,1.041553e-01,5.283467e-02,1.923210e-09,9.252423e-01,1259.273517
6.766110e+01,2.008093e-02,1.041553e-01,5.283467e-02,1.923210e-09,9.252423e-01,1259.273517
6.766110e+01,2.008093e-02,1.041553e-01,5.283467e-02,1.923210e-09,9.252423e-01,1259.273517
6.794558e+01,2.010463e-02,1.040225e-01,5.249344e-02,1.920267e-09,9.281604e-01,1257.225882
6.794558e+01,2.010463e-02,1.040225e-01,5.249344e-02,1.920267e-09,9.281604e-01,1257.225882
6.796018e+01,2.008931e-02,1.038552e-01,5.270717e-02,1.929042e-09,9.309654e-01,1258.756232
6.796018e+01,2.008931e-02,1.038552e-01,5.270717e-02,1.929042e-09,9.309654e-01,1258.756232
6.796018e+01,2.008931e-02,1.038552e-01,5.270717e-02,1.929042e-09,9.309654e-01,1258.756232
6.799045e+01,2.005608e-02,1.041480e-01,5.223478e-02,1.926853e-09,9.331732e-01,1257.482273
6.799045e+01,2.005608e-02,1.041480e-01,5.223478e-02,1.926853e-09,9.331732e-01,1257.482273
6.824870e+01,2.006419e-02,1.046058e-01,5.207144e-02,1.938509e-09,9.386362e-01,1257.461635
6.851441e+01,2.001542e-02,1.048653e-01,5.216218e-02,1.943680e-09,9.358769e-01,1258.237780
6.851441e+01,2.001542e-02,1.048653e-01,5.216218e-02,1.943680e-09,9.358769e-01,1258.237780
6.851441e+01,2.001542e-02,1.048653e-01,5.216218e-02,1.943680e-09,9.358769e-01,1258.237780
6.859848e+01,1.996484e-02,1.050556e-01,5.226404e-02,1.943830e-09,9.354658e-01,1258.918261
6.817950e+01,2.004799e-02,1.049260e-01,5.244954e-02,1.932279e-09,9.307361e-01,1255.580965
6.817950e+01,2.004799e-02,1.049260e-01,5.244954e-02,1.932279e-09,9.307361e-01,1255.580965
6.837725e+01,1.998650e-02,1.050381e-01,5.269864e-02,1.935013e-09,9.327586e-01,1256.889097
6.837725e+01,1.998650e-02,1.050381e-01,5.269864e-02,1.935013e-09,9.327586e-01,1256.889097
6.837725e+01,1.998650e-02,1.050381e-01,5.269864e-02,1.935013e-09,9.327586e-01,1256.889097
6.835634e+01,2.005281e-02,1.044837e-01,5.277198e-02,1.928151e-09,9.270782e-01,1256.294113
6.854022e+01,1.993106e-02,1.049464e-01,5.285157e-02,1.930414e-09,9.297363e-01,1258.138693
6.854431e+01,1.995611e-02,1.042931e-01,5.251176e-02,1.919406e-09,9.242624e-01,1258.275499
6.854431e+01,1.995611e-02,1.042931e-01,5.251176e-02,1.919406e-09,9.242624e-01,1258.275499
6.810680e+01,2.007119e-02,1.049067e-01,5.199303e-02,1.908032e-09,9.273703e-01,1261.716282
6.827882e+01,1.993601e-02,1.048511e-01,5.187818e-02,1.914114e-09,9.205601e-01,1259.318527
6.827882e+01,1.993601e-02,1.048511e-01,5.187818e-02,1.914114e-09,9.205601e-01,1259.318527
6.827882e+01,1.993601e-02,1.048511e-01,5.187818e-02,1.914114e-09,9.205601e-01,1259.318527
6.827882e+01,1.993601e-02,1.048511e-01,5.187818e-02,1.914114e-09,9.205601e-01,1259.318527
6.803273e+01,1.989034e-02,1.047280e-01,5.206334e-02,1.912221e-09,9.272803e-01,1261.624700
6.803273e+01,1.989034e-02,1.047280e-01,5.206334e-02,1.912221e-09,9.272803e-01,1261.624700
6.815075e+01,1.997284e-02,1.045691e-01,5.207321e-02,1.910532e-09,9.286061e-01,1261.155330
6.829422e+01,2.014170e-02,1.052767e-01,5.209904e-02,1.910194e-09,9.237507e-01,1260.016973
6.829422e+01,2.014170e-02,1.052767e-01,5.209904e-02,1.910194e-09,9.237507e-01,1260.016973
6.829422e+01,2.014170e-02,1.052767e-01,5.209904e-02,1.910194e-09,9.237507e-01,1260.016973
6.829422e+01,2.014170e-02,1.052767e-01,5.209904e-02,1.910194e-09,9.237507e-01,1260.016973
6.829422e+01,2.014170e-02,1.052767e-01,5.209904e-02,1.910194e-09,9.237507e-01,1260.016973
6.829422e+01,2.014170e-02,1.052767e-01,5.209904e-02,1.910194e-09,9.237507e-01,1260.016973
6.818890e+01,2.044235e-02,1.050805e-01,5.208657e-02,1.910984e-09,9.240754e-01,1256.784297
6.816086e+01,2.035206e-02,1.047945e-01,5.218160e-02,1.925576e-09,9.305160e-01,1252.229022
6.825277e+01,2.028719e-02,1.052556e-01,5.230340e-02,1.934300e-09,9.278455e-01,1252.342520
6.825277e+01,2.028719e-02,1.052556e-01,5.230340e-02,1.934300e-09,9.278455e-01,1252.342520
6.893236e+01,2.041155e-02,1.047253e-01,5.222325e-02,1.935425e-09,9.279718e-01,1252.517580
6.910143e+01,2.026734e-02,1.048697e-01,5.238688e-02,1.932245e-09,9.287340e-01,1252.554280
6.910143e+01,2.026734e-02,1.048697e-01,5.238688e-02,1.932245e-09,9.287340e-01,1252.554280
6.910143e+01,2.026734e-02,1.048697e-01,5.238688e-02,1.932245e-09,9.287340e-01,1252.554280
6.910143e+01,2.026734e-02,1.048697e-01,5.238688e-02,1.932245e-09,9.287340e-01,1252.554280
6.884239e+01,2.020429e-02,1.049983e-01,5.266575e-02,1.940458e-09,9.350332e-01,1252.728644
6.884239e+01,2.020429e-02,1.049983e-01,5.266575e-02,1.940458e-09,9.350332e-01,1252.728644
6.884239e+01,2.020429e-02,1.049983e-01,5.266575e-02,1.940458e-09,9.350332e-01,1252.728644
6.923715e+01,2.024774e-02,1.055894e-01,5.287048e-02,1.943111e-09,9.363709e-01,1252.983917
6.927537e+01,2.040282e-02,1.054635e-01,5.258787e-02,1.933797e-09,9.368773e-01,1252.047255
6.927537e+01,2.040282e-02,1.054635e-01,5.258787e-02,1.933797e-09,9.368773e-01,1252.047255
6.927537e+01,2.040282e-02,1.054635e-01,5.258787e-02,1.933797e-09,9.368773e-01,1252.047255
6.890117e+01,2.037063e-02,1.050031e-01,5.269421e-02,1.927298e-09,9.376592e-01,1253.795306
6.890117e+01,2.037063e-02,1.050031e-01,5.269421e-02,1.927298e-09,9.376592e-01,1253.795306
6.890117e+01,2.037063e-02,1.050031e-01,5.269421e-02,1.927298e-09,9.376592e-01,1253.795306
6.890117e+01,2.037063e-02,1.050031e-01,5.269421e-02,1.927298e-09,9.376592e-01,1253.795306
6.940293e+01,2.049831e-02,1.058063e-01,5.284078e-02,1.938391e-09,9.341364e-01,1249.702414
6.940293e+01,2.049831e-02,1.058063e-01,5.284078e-02,1.938391e-09,9.341364e-01,1249.702414
6.940293e+01,2.049831e-02,1.058063e-01,5.284078e-02,1.938391e-09,9.341364e-01,1249.702414
6.890814e+01,2.053628e-02,1.055699e-01,5.291077e-02,1.944425e-09,9.289688e-01,1249.479957
6.890814e+01,2.053628e-02,1.055699e-01,5.291077e-02,1.944425e-09,9.289688e-01,1249.479957
6.890814e+01,2.053628e-02,1.055699e-01,5.291077e-02,1.944425e-09,9.289688e-01,1249.479957
6.890814e+01,2.053628e-02,1.055699e-01,5.291077e-02,1.944425e-09,9.289688e-01,1249.479957
6.912520e+01,2.052665e-02,1.060544e-01,5.293716e-02,1.938045e-09,9.317540e-01,1249.206394
6.885527e+01,2.079825e-02,1.057150e-01,5.303511e-02,1.940036e-09,9.355698e-01,1245.517316
6.885527e+01,2.079825e-02,1.057150e-01,5.303511e-02,1.940036e-09,9.355698e-01,1245.517316
6.885527e+01,2.079825e-02,1.057150e-01,5.303511e-02,1.940036e-09,9.355698e-01,1245.517316
6.879423e+01,2.062080e-02,1.056732e-01,5.277178e-02,1.946590e-09,9.364066e-01,1245.753732
6.899595e+01,2.054834e-02,1.053453e-01,5.317336e-02,1.955174e-09,9.453406e-01,1247.551117
6.899595e+01,2.054834e-02,1.053453e-01,5.317336e-02,1.955174e-09,9.453406e-01,1247.551117
6.899595e+01,2.054834e-02,1.053453e-01,5.317336e-02,1.955174e-09,9.453406e-01,1247.551117
6.899595e+01,2.054834e-02,1.053453e-01,5.317336e-02,1.955174e-09,9.453406e-01,1247.551117
6.899595e+01,2.054834e-02,1.053453e-01,5.317336e-02,1.955174e-09,9.453406e-01,1247.551117
6.903671e+01,2.056848e-02,1.054156e-01,5.354215e-02,1.955771e-09,9.396548e-01,1246.759278
6.903671e+01,2.056848e-02,1.054156e-01,5.354215e-02,1.955771e-09,9.396548e-01,1246.759278
6.931673e+01,2.067554e-02,1.056069e-01,5.366113e-02,1.952492e-09,9.430223e-01,1245.048267
6.910990e+01,2.080325e-02,1.058576e-01,5.361116e-02,1.945926e-09,9.465528e-01,1248.078921
6.910990e+01,2.080325e-02,1.058576e-01,5.361116e-02,1.945926e-09,9.465528e-01,1248.078921
6.910990e+01,2.080325e-02,1.058576e-01,5.361116e-02,1.945926e-09,9.465528e-01,1248.078921
6.916271e+01,2.101079e-02,1.049978e-01,5.321333e-02,1.930025e-09,9.428953e-01,1249.543339
6.916271e+01,2.101079e-02,1.049978e-01,5.321333e-02,1.930025e-09,9.428953e-01,1249.543339
6.916271e+01,2.101079e-02,1.049978e-01,5.321333e-02,1.930025e-09,9.428953e-01,1249.543339
6.916271e+01,2.101079e-02,1.049978e-01,5.321333e-02,1.930025e-09,9.428953e-01,1249.543339
6.966850e+01,2.130127e-02,1.055032e-01,5.293704e-02,1.938343e-09,9.446662e-01,1244.961129
6.966850e+01,2.130127e-02,1.055032e-01,5.293704e-02,1.938343e-09,9.446662e-01,1244.961129
6.966850e+01,2.130127e-02,1.055032e-01,5.293704e-02,1.938343e-09,9.446662e-01,1244.961129
6.966850e+01,2.130127e-02,1.055032e-01,5.293704e-02,1.938343e-09,9.446662e-01,1244.961129
6.988774e+01,2.120078e-02,1.052882e-01,5.253297e-02,1.943870e-09,9.453021e-01,1241.002752
6.988774e+01,2.120078e-02,1.052882e-01,5.253297e-02,1.943870e-09,9.453021e-01,1241.002752
6.988774e+01,2.120078e-02,1.052882e-01,5.253297e-02,1.943870e-09,9.453021e-01,1241.002752
7.025336e+01,2.116722e-02,1.051236e-01,5.239502e-02,1.943832e-09,9.437622e-01,1240.850072
7.025336e+01,2.116722e-02,1.051236e-01,5.239502e-02,1.943832e-09,9.437622e-01,1240.850072
7.016772e+01,2.128036e-02,1.045744e-01,5.263888e-02,1.953673e-09,9.456259e-01,1240.899663
6.994290e+01,2.134042e-02,1.041240e-01,5.212224e-02,1.950651e-09,9.453101e-01,1244.441798
6.994290e+01,2.134042e-02,1.041240e-01,5.212224e-02,1.950651e-09,9.453101e-01,1244.441798
6.994290e+01,2.134042e-02,1.041240e-01,5.212224e-02,1.950651e-09,9.453101e-01,1244.441798
7.033515e+01,2.126401e-02,1.040086e-01,5.216767e-02,1.955514e-09,9.448540e-01,1246.092117
7.024764e+01,2.119089e-02,1.044673e-01,5.256317e-02,1.970456e-09,9.535547e-01,1244.551297
7.024764e+01,2.119089e-02,1.044673e-01,5.256317e-02,1.970456e-09,9.535547e-01,1244.551297
7.043708e+01,2.117896e-02,1.051017e-01,5.247247e-02,1.963763e-09,9.453055e-01,1242.254996
7.017775e+01,2.117427e-02,1.047927e-01,5.230236e-02,1.952495e-09,9.486189e-01,1239.381377
7.017775e+01,2.117427e-02,1.047927e-01,5.230236e-02,1.952495e-09,9.486189e-01,1239.381377
7.017775e+01,2.117427e-02,1.047927e-01,5.230236e-02,1.952495e-09,9.486189e-01,1239.381377
6.953222e+01,2.105209e-02,1.051917e-01,5.228341e-02,1.956420e-09,9.558842e-01,1242.354147
6.981925e+01,2.105798e-02,1.054640e-01,5.231472e-02,1.959285e-09,9.549834e-01,1241.067134
6.981925e+01,2.105798e-02,1.054640e-01,5.231472e-02,1.959285e-09,9.549834e-01,1241.067134
6.981925e+01,2.105798e-02,1.054640e-01,5.231472e-02,1.959285e-09,9.549834e-01,1241.067134
6.981925e+01,2.105798e-02,1.054640e-01,5.231472e-02,1.959285e-09,9.549834e-01,1241.067134
6.979880e+01,2.089246e-02,1.052357e-01,5.248403e-02,1.957574e-09,9.483615e-01,1242.165570
7.019954e+01,2.125085e-02,1.055403e-01,5.213412e-02,1.950739e-09,9.417886e-01,1240.170477
7.019954e+01,2.125085e-02,1.055403e-01,5.213412e-02,1.950739e-09,9.417886e-01,1240.170477
7.019954e+01,2.125085e-02,1.055403e-01,5.213412e-02,1.950739e-09,9.417886e-01,1240.170477
7.032457e+01,2.121840e-02,1.052502e-01,5.167696e-02,1.944876e-09,9.405363e-01,1241.183638
7.032457e+01,2.121840e-02,1.052502e-01,5.167696e-02,1.944876e-09,9.405363e-01,1241.183638
7.032457e+01,2.121840e-02,1.052502e-01,5.167696e-02,1.944876e-09,9.405363e-01,1241.183638
7.032457e+01,2.121840e-02,1.052502e-01,5.167696e-02,1.944876e-09,9.405363e-01,1241.183638
6.999668e+01,2.135137e-02,1.051014e-01,5.203311e-02,1.944802e-09,9.419627e-01,1241.136784
6.999668e+01,2.135137e-02,1.051014e-01,5.203311e-02,1.944802e-09,9.419627e-01,1241.136784
6.999668e+01,2.135137e-02,1.051014e-01,5.203311e-02,1.944802e-09,9.419627e-01,1241.136784
6.999668e+01,2.135137e-02,1.051014e-01,5.203311e-02,1.944802e-09,9.419627e-01,1241.136784
6.999668e+01,2.135137e-02,1.051014e-01,5.203311e-02,1.944802e-09,9.419627e-01,1241.136784
6.999668e+01,2.135137e-02,1.051014e-01,5.203311e-02,1.944802e-09,9.419627e-01,1241.136784
6.993318e+01,2.134439e-02,1.058384e-01,5.189849e-02,1.939825e-09,9.434845e-01,1242.676013
6.993318e+01,2.134439e-02,1.058384e-01,5.189849e-02,1.939825e-09,9.434845e-01,1242.676013
6.993318e+01,2.134439e-02,1.058384e-01,5.189849e-02,1.939825e-09,9.434845e-01,1242.676013
7.012355e+01,2.140585e-02,1.054916e-01,5.202421e-02,1.945698e-09,9.465747e-01,1239.592280
6.988672e+01,2.140092e-02,1.057931e-01,5.158989e-02,1.945351e-09,9.504241e-01,1240.433416
6.998610e+01,2.138107e-02,1.057062e-01,5.200620e-02,1.953934e-09,9.495744e-01,1237.663144
6.998610e+01,2.138107e-02,1.057062e-01,5.200620e-02,1.953934e-09,9.495744e-01,1237.663144
6.983358e+01,2.142664e-02,1.058238e-01,5.215934e-02,1.953735e-09,9.515992e-01,1238.227531
6.983358e+01,2.142664e-02,1.058238e-01,5.215934e-02,1.953735e-09,9.515992e-01,1238.227531
7.051776e+01,2.132630e-02,1.057957e-01,5.221243e-02,1.954566e-09,9.531179e-01,1239.232137
7.051776e+01,2.132630e-02,1.057957e-01,5.221243e-02,1.954566e-09,9.531179e-01,1239.232137
7.011836e+01,2.131884e-02,1.066083e-01,5.264538e-02,1.957722e-09,9.461358e-01,1238.915634
6.983453e+01,2.142645e-02,1.066219e-01,5.270341e-02,1.955015e-09,9.489576e-01,1239.916919
6.983453e+01,2.142645e-02,1.066219e-01,5.270341e-02,1.955015e-09,9.489576e-01,1239.916919
6.983453e+01,2.142645e-02,1.066219e-01,5.270341e-02,1.955015e-09,9.489576e-01,1239.916919
6.983453e+01,2.142645e-02,1.066219e-01,5.270341e-02,1.955015e-09,9.489576e-01,1239.916919
6.983453e+01,2.142645e-02,1.066219e-01,5.270341e-02,1.955015e-09,9.489576e-01,1239.916919
6.983453e+01,2.142645e-02,1.066219e-01,5.270341e-02,1.955015e-09,9.489576e-01,1239.916919
6.948895e+01,2.154362e-02,1.063758e-01,5.254469e-02,1.971325e-09,9.473037e-01,1239.584581
6.963950e+01,2.150634e-02,1.064788e-01,5.242213e-02,1.969851e-09,9.523693e-01,1235.995225
6.963950e+01,2.150634e-02,1.064788e-01,5.242213e-02,1.969851e-09,9.523693e-01,1235.995225
6.953347e+01,2.138300e-02,1.064251e-01,5.223369e-02,1.970349e-09,9.551340e-01,1236.629254
6.975020e+01,2.141837e-02,1.061385e-01,5.238220e-02,1.971900e-09,9.552569e-01,1236.494926
7.003597e+01,2.143807e-02,1.061699e-01,5.254712e-02,1.964357e-09,9.542964e-01,1236.310308
7.003597e+01,2.143807e-02,1.061699e-01,5.254712e-02,1.964357e-09,9.542964e-01,1236.310308
6.989988e+01,2.139295e-02,1.056810e-01,5.263003e-02,1.959759e-09,9.468554e-01,1238.229086
7.010126e+01,2.124659e-02,1.056605e-01,5.233699e-02,1.947554e-09,9.422012e-01,1240.373224
6.998404e+01,2.134592e-02,1.053366e-01,5.266225e-02,1.953581e-09,9.440194e-01,1239.711009
6.998404e+01,2.134592e-02,1.053366e-01,5.266225e-02,1.953581e-09,9.440194e-01,1239.711009
7.022492e+01,2.145269e-02,1.044405e-01,5.223020e-02,1.933326e-09,9.498741e-01,1243.659747
7.022492e+01,2.145269e-02,1.044405e-01,5.223020e-02,1.933326e-09,9.498741e-01,1243.659747
7.022492e+01,2.145269e-02,1.044405e-01,5.223020e-02,1.933326e-09,9.498741e-01,1243.659747
7.062959e+01,2.151768e-02,1.040385e-01,5.185304e-02,1.929403e-09,9.525252e-01,1244.343670
7.056405e+01,2.139742e-02,1.034420e-01,5.173510e-02,1.928648e-09,9.547052e-01,1243.716805
6.998910e+01,2.130181e-02,1.035216e-01,5.184729e-02,1.933988e-09,9.515572e-01,1242.669644
7.021367e+01,2.135926e-02,1.038211e-01,5.192089e-02,1.937011e-09,9.475455e-01,1241.257665
7.011657e+01,2.130919e-02,1.043178e-01,5.180489e-02,1.935770e-09,9.400061e-01,1243.504439
7.011657e+01,2.130919e-02,1.043178e-01,5.180489e-02,1.935770e-09,9.400061e-01,1243.504439
7.011657e+01,2.130919e-02,1.043178e-01,5.180489e-02,1.935770e-09,9.400061e-01,1243.504439
6.943784e+01,2.145451e-02,1.040093e-01,5.141787e-02,1.927415e-09,9.484352e-01,1247.150693
6.943784e+01,2.145451e-02,1.040093e-01,5.141787e-02,1.927415e-09,9.484352e-01,1247.150693
6.967741e+01,2.150875e-02,1.037697e-01,5.136541e-02,1.927817e-09,9.469070e-01,1246.361724
6.967741e+01,2.150875e-02,1.037697e-01,5.136541e-02,1.927817e-09,9.469070e-01,1246.361724
6.967741e+01,2.150875e-02,1.037697e-01,5.136541e-02,1.927817e-09,9.469070e-01,1246.361724
6.967741e+01,2.150875e-02,1.037697e-01,5.136541e-02,1.927817e-09,9.469070e-01,1246.361724
6.967741e+01,2.150875e-02,1.037697e-01,5.136541e-02,1.927817e-09,9.469070e-01,1246.361724
7.031066e+01,2.165750e-02,1.029753e-01,5.143477e-02,1.938033e-09,9.521388e-01,1244.646454
7.031066e+01,2.165750e-02,1.029753e-01,5.143477e-02,1.938033e-09,9.521388e-01,1244.646454
7.031066e+01,2.165750e-02,1.029753e-01,5.143477e-02,1.938033e-09,9.521388e-01,1244.646454
7.031066e+01,2.165750e-02,1.029753e-01,5.143477e-02,1.938033e-09,9.521388e-01,1244.646454
7.031066e+01,2.165750e-02,1.029753e-01,5.143477e-02,1.938033e-09,9.521388e-01,1244.646454
7.031066e+01,2.165750e-02,1.029753e-01,5.143477e-02,1.938033e-09,9.521388e-01,1244.646454
7.031066e+01,2.165750e-02,1.029753e-01,5.143477e-02,1.938033e-09,9.521388e-01,1244.646454
7.031066e+01,2.165750e-02,1.029753e-01,5.143477e-02,1.938033e-09,9.521388e-01,1244.646454
7.030982e+01,2.183777e-02,1.028390e-01,5.154016e-02,1.933277e-09,9.496078e-01,1249.285626
7.064408e+01,2.178712e-02,1.023816e-01,5.154796e-02,1.926727e-09,9.502970e-01,1247.146769
7.064408e+01,2.178712e-02,1.023816e-01,5.154796e-02,1.926727e-09,9.502970e-01,1247.146769
7.064408e+01,2.178712e-02,1.023816e-01,5.154796e-02,1.926727e-09,9.502970e-01,1247.146769
7.055947e+01,2.176855e-02,1.022631e-01,5.192037e-02,1.927375e-09,9.532568e-01,1246.697443
7.055947e+01,2.176855e-02,1.022631e-01,5.192037e-02,1.927375e-09,9.532568e-01,1246.697443
7.086211e+01,2.181443e-02,1.024666e-01,5.148316e-02,1.929862e-09,9.560387e-01,1243.387326
7.086211e+01,2.181443e-02,1.024666e-01,5.148316e-02,1.929862e-09,9.560387e-01,1243.387326
7.086211e+01,2.181443e-02,1.024666e-01,5.148316e-02,1.929862e-09,9.560387e-01,1243.387326
7.065138e+01,2.181139e-02,1.024488e-01,5.125895e-02,1.934971e-09,9.589476e-01,1243.823008
7.065138e+01,2.181139e-02,1.024488e-01,5.125895e-02,1.934971e-09,9.589476e-01,1243.823008
7.065138e+01,2.181139e-02,1.024488e-01,5.125895e-02,1.934971e-09,9.589476e-01,1243.823008
7.065138e+01,2.181139e-02,1.024488e-01,5.125895e-02,1.934971e-09,9.589476e-01,1243.823008
7.077147e+01,2.188629e-02,1.024956e-01,5.104237e-02,1.937897e-09,9.606628e-01,1243.240508
7.077147e+01,2.188629e-02,1.024956e-01,5.104237e-02,1.937897e-09,9.606628e-01,1243.240508
7.077147e+01,2.188629e-02,1.024956e-01,5.104237e-02,1.937897e-09,9.606628e-01,1243.240508
7.068332e+01,2.176178e-02,1.029553e-01,5.079168e-02,1.950705e-09,9.684085e-01,1241.733206
7.068332e+01,2.176178e-02,1.029553e-01,5.079168e-02,1.950705e-09,9.684085e-01,1241.733206
7.068332e+01,2.176178e-02,1.029553e-01,5.079168e-02,1.950705e-09,9.684085e-01,1241.733206
7.074282e+01,2.179520e-02,1.032576e-01,5.105183e-02,1.939390e-09,9.598981e-01,1240.071490
7.074282e+01,2.179520e-02,1.032576e-01,5.105183e-02,1.939390e-09,9.598981e-01,1240.071490
7.112497e+01,2.196159e-02,1.030563e-01,5.127050e-02,1.951539e-09,9.640507e-01,1239.202018
7.137215e+01,2.193095e-02,1.035996e-01,5.107167e-02,1.950200e-09,9.665054e-01,1236.304465
7.137215e+01,2.193095e-02,1.035996e-01,5.107167e-02,1.950200e-09,9.665054e-01,1236.304465
7.119935e+01,2.176576e-02,1.036128e-01,5.105813e-02,1.952129e-09,9.718387e-01,1239.465991
7.068470e+01,2.175443e-02,1.034187e-01,5.077011e-02,1.956719e-09,9.715654e-01,1241.153623
7.104127e+01,2.160850e-02,1.035103e-01,5.072075e-02,1.958463e-09,9.690519e-01,1239.322078
7.146380e+01,2.168398e-02,1.037435e-01,5.113142e-02,1.964564e-09,9.683995e-01,1237.232268
7.160542e+01,2.176806e-02,1.037910e-01,5.146861e-02,1.946155e-09,9.647966e-01,1237.799048
7.186679e+01,2.190732e-02,1.031773e-01,5.171476e-02,1.947630e-09,9.610683e-01,1235.933841
7.186679e+01,2.190732e-02,1.031773e-01,5.171476e-02,1.947630e-09,9.610683e-01,1235.933841
7.214353e+01,2.193519e-02,1.032492e-01,5.166560e-02,1.944331e-09,9.555532e-01,1237.587071
7.223293e+01,2.191159e-02,1.030939e-01,5.168966e-02,1.949169e-09,9.561238e-01,1237.792782
7.271197e+01,2.202155e-02,1.033359e-01,5.154793e-02,1.945355e-09,9.556477e-01,1238.149981
7.271197e+01,2.202155e-02,1.033359e-01,5.154793e-02,1.945355e-09,9.556477e-01,1238.149981
7.240168e+01,2.181104e-02,1.033559e-01,5.149052e-02,1.941436e-09,9.582991e-01,1237.465337
7.240168e+01,2.181104e-02,1.033559e-01,5.149052e-02,1.941436e-09,9.582991e-01,1237.465337
7.271690e+01,2.188456e-02,1.039212e-01,5.129789e-02,1.957273e-09,9.632895e-01,1235.376295
7.271690e+01,2.188456e-02,1.039212e-01,5.129789e-02,1.957273e-09,9.632895e-01,1235.376295
7.271690e+01,2.188456e-02,1.039212e-01,5.129789e-02,1.957273e-09,9.632895e-01,1235.376295
7.303459e+01,2.201523e-02,1.040072e-01,5.112786e-02,1.963893e-09,9.695143e-01,1234.776594
7.303459e+01,2.201523e-02,1.040072e-01,5.112786e-02,1.963893e-09,9.695143e-01,1234.776594
7.303459e+01,2.201523e-02,1.040072e-01,5.112786e-02,1.963893e-09,9.695143e-01,1234.776594
7.303459e+01,2.201523e-02,1.040072e-01,5.112786e-02,1.963893e-09,9.695143e-01,1234.776594
7.243216e+01,2.196850e-02,1.031794e-01,5.092526e-02,1.952415e-09,9.689434e-01,1234.615967
7.243216e+01,2.196850e-02,1.031794e-01,5.092526e-02,1.952415e-09,9.689434e-01,1234.615967
7.266745e+01,2.198115e-02,1.037541e-01,5.055621e-02,1.964254e-09,9.707638e-01,1234.256667
7.266745e+01,2.198115e-02,1.037541e-01,5.055621e-02,1.964254e-09,9.707638e-01,1234.256667
7.266745e+01,2.198115e-02,1.037541e-01,5.055621e-02,1.964254e-09,9.707638e-01,1234.256667
7.266745e+01,2.198115e-02,1.037541e-01,5.055621e-02,1.964254e-09,9.707638e-01,1234.256667
7.204254e+01,2.192970e-02,1.032566e-01,5.057741e-02,1.950826e-09,9.673332e-01,1234.821313
7.204254e+01,2.192970e-02,1.032566e-01,5.057741e-02,1.950826e-09,9.673332e-01,1234.821313
7.204777e+01,2.196938e-02,1.031166e-01,5.017853e-02,1.963858e-09,9.768789e-01,1237.239008
7.204777e+01,2.196938e-02,1.031166e-01,5.017853e-02,1.963858e-09,9.768789e-01,1237.239008
7.204777e+01,2.196938e-02,1.031166e-01,5.017853e-02,1.963858e-09,9.768789e-01,1237.239008
7.241512e+01,2.194070e-02,1.037383e-01,5.022520e-02,1.968086e-09,9.745589e-01,1235.553934
7.236800e+01,2.205164e-02,1.042572e-01,5.022933e-02,1.974869e-09,9.728842e-01,1234.599678
7.244595e+01,2.210776e-02,1.041232e-01,5.052535e-02,1.970479e-09,9.673330e-01,1234.649082
7.268870e+01,2.206204e-02,1.041439e-01,5.003068e-02,1.962670e-09,9.627272e-01,1235.338422
7.268870e+01,2.206204e-02,1.041439e-01,5.003068e-02,1.962670e-09,9.627272e-01,1235.338422
7.268870e+01,2.206204e-02,1.041439e-01,5.003068e-02,1.962670e-09,9.627272e-01,1235.338422
7.268870e+01,2.206204e-02,1.041439e-01,5.003068e-02,1.962670e-09,9.627272e-01,1235.338422
7.307140e+01,2.198454e-02,1.037665e-01,4.981418e-02,1.956521e-09,9.665220e-01,1235.077289
7.295017e+01,2.204008e-02,1.034604e-01,4.995950e-02,1.945602e-09,9.649674e-01,1235.428377
7.316509e+01,2.212464e-02,1.040640e-01,4.995012e-02,1.955070e-09,9.721538e-01,1236.038717
7.314401e+01,2.199075e-02,1.038348e-01,4.941984e-02,1.961456e-09,9.681069e-01,1235.539411
7.305855e+01,2.211432e-02,1.030905e-01,4.965312e-02,1.950572e-09,9.703562e-01,1234.019256
7.318596e+01,2.200586e-02,1.021147e-01,4.909832e-02,1.957643e-09,9.670163e-01,1242.554411
7.318596e+01,2.200586e-02,1.021147e-01,4.909832e-02,1.957643e-09,9.670163e-01,1242.554411
7.321049e+01,2.198750e-02,1.025919e-01,4.915724e-02,1.942041e-09,9.653546e-01,1235.561853
7.316621e+01,2.208663e-02,1.028640e-01,4.953264e-02,1.922748e-09,9.566549e-01,1242.788580
7.316621e+01,2.208663e-02,1.028640e-01,4.953264e-02,1.922748e-09,9.566549e-01,1242.788580
7.316621e+01,2.208663e-02,1.028640e-01,4.953264e-02,1.922748e-09,9.566549e-01,1242.788580
7.345636e+01,2.191841e-02,1.025458e-01,4.931191e-02,1.916396e-09,9.573638e-01,1246.060906
7.345636e+01,2.191841e-02,1.025458e-01,4.931191e-02,1.916396e-09,9.573638e-01,1246.060906
7.304485e+01,2.203221e-02,1.024985e-01,4.917020e-02,1.923858e-09,9.578993e-01,1239.672088
7.273402e+01,2.200089e-02,1.020843e-01,4.897275e-02,1.922142e-09,9.623520e-01,1238.465065
7.295107e+01,2.184594e-02,1.019815e-01,4.909720e-02,1.936640e-09,9.660878e-01,1236.317108
7.268257e+01,2.180153e-02,1.022239e-01,4.862582e-02,1.939593e-09,9.570398e-01,1241.140817
7.288235e+01,2.170883e-02,1.038495e-01,4.850364e-02,1.945478e-09,9.566905e-01,1239.135428
7.293693e+01,2.183529e-02,1.036031e-01,4.873624e-02,1.932641e-09,9.639757e-01,1240.945375
7.293693e+01,2.183529e-02,1.036031e-01,4.873624e-02,1.932641e-09,9.639757e-01,1240.945375
7.293693e+01,2.183529e-02,1.036031e-01,4.873624e-02,1.932641e-09,9.639757e-01,1240.945375
7.293693e+01,2.183529e-02,1.036031e-01,4.873624e-02,1.932641e-09,9.639757e-01,1240.945375
7.297446e+01,2.187297e-02,1.023702e-01,4.850922e-02,1.929525e-09,9.628625e-01,1236.768971
7.257821e+01,2.185600e-02,1.022061e-01,4.867464e-02,1.935200e-09,9.691184e-01,1236.396233
7.241611e+01,2.174975e-02,1.027351e-01,4.870795e-02,1.943328e-09,9.688746e-01,1236.572933
7.270694e+01,2.180072e-02,1.029395e-01,4.887757e-02,1.950124e-09,9.734386e-01,1237.345771
7.270694e+01,2.180072e-02,1.029395e-01,4.887757e-02,1.950124e-09,9.734386e-01,1237.345771
7.298784e+01,2.184391e-02,1.029286e-01,4.888799e-02,1.950446e-09,9.676576e-01,1236.437744
7.316555e+01,2.190412e-02,1.026466e-01,4.897978e-02,1.949997e-09,9.700598e-01,1236.202515
7.316555e+01,2.190412e-02,1.026466e-01,4.897978e-02,1.949997e-09,9.700598e-01,1236.202515
7.316555e+01,2.190412e-02,1.026466e-01,4.897978e-02,1.949997e-09,9.700598e-01,1236.202515
7.316555e+01,2.190412e-02,1.026466e-01,4.897978e-02,1.949997e-09,9.700598e-01,1236.202515
7.316555e+01,2.190412e-02,1.026466e-01,4.897978e-02,1.949997e-09,9.700598e-01,1236.202515
7.370608e+01,2.188709e-02,1.029757e-01,4.890189e-02,1.961829e-09,9.746996e-01,1240.091460
7.354527e+01,2.194144e-02,1.030057e-01,4.902287e-02,1.969592e-09,9.733201e-01,1241.858056
7.354527e+01,2.194144e-02,1.030057e-01,4.902287e-02,1.969592e-09,9.733201e-01,1241.858056
7.354527e+01,2.194144e-02,1.030057e-01,4.902287e-02,1.969592e-09,9.733201e-01,1241.858056
7.340345e+01,2.186177e-02,1.029835e-01,4.895391e-02,1.958619e-09,9.756725e-01,1238.973506
7.340345e+01,2.186177e-02,1.029835e-01,4.895391e-02,1.958619e-09,9.756725e-01,1238.973506
7.340345e+01,2.186177e-02,1.029835e-01,4.895391e-02,1.958619e-09,9.756725e-01,1238.973506
7.285562e+01,2.191334e-02,1.027873e-01,4.928864e-02,1.947648e-09,9.758240e-01,1237.509320
7.213101e+01,2.185730e-02,1.031303e-01,4.952671e-02,1.956515e-09,9.788315e-01,1239.081172
7.213101e+01,2.185730e-02,1.031303e-01,4.952671e-02,1.956515e-09,9.788315e-01,1239.081172
7.201866e+01,2.198113e-02,1.036321e-01,4.966399e-02,1.953738e-09,9.791656e-01,1239.284655
7.201866e+01,2.198113e-02,1.036321e-01,4.966399e-02,1.953738e-09,9.791656e-01,1239.284655
7.220828e+01,2.195846e-02,1.032826e-01,4.975242e-02,1.959152e-09,9.779196e-01,1236.900406
7.220828e+01,2.195846e-02,1.032826e-01,4.975242e-02,1.959152e-09,9.779196e-01,1236.900406
7.220828e+01,2.195846e-02,1.032826e-01,4.975242e-02,1.959152e-09,9.779196e-01,1236.900406
7.220828e+01,2.195846e-02,1.032826e-01,4.975242e-02,1.959152e-09,9.779196e-01,1236.900406
7.164480e+01,2.195769e-02,1.038211e-01,4.979141e-02,1.971085e-09,9.709366e-01,1238.618469
7.152930e+01,2.188689e-02,1.033851e-01,4.938511e-02,1.964636e-09,9.694737e-01,1240.342028
7.152930e+01,2.188689e-02,1.033851e-01,4.938511e-02,1.964636e-09,9.694737e-01,1240.342028
7.200997e+01,2.186813e-02,1.036216e-01,4.945741e-02,1.962750e-09,9.663936e-01,1237.316958
7.156325e+01,2.185176e-02,1.040330e-01,4.974316e-02,1.955607e-09,9.699494e-01,1235.286637
7.156325e+01,2.185176e-02,1.040330e-01,4.974316e-02,1.955607e-09,9.699494e-01,1235.286637
7.135870e+01,2.184876e-02,1.044978e-01,5.022480e-02,1.959860e-09,9.691704e-01,1234.914221
7.135870e+01,2.184876e-02,1.044978e-01,5.022480e-02,1.959860e-09,9.691704e-01,1234.914221
7.141660e+01,2.188174e-02,1.044319e-01,5.045783e-02,1.957758e-09,9.691172e-01,1235.103619
7.141660e+01,2.188174e-02,1.044319e-01,5.045783e-02,1.957758e-09,9.691172e-01,1235.103619
7.141660e+01,2.188174e-02,1.044319e-01,5.045783e-02,1.957758e-09,9.691172e-01,1235.103619
7.147357e+01,2.201357e-02,1.050143e-01,5.052229e-02,1.965800e-09,9.630428e-01,1233.327065
7.193253e+01,2.221302e-02,1.040181e-01,5.102055e-02,1.958865e-09,9.692212e-01,1233.837106
7.193253e+01,2.221302e-02,1.040181e-01,5.102055e-02,1.958865e-09,9.692212e-01,1233.837106
7.193253e+01,2.221302e-02,1.040181e-01,5.102055e-02,1.958865e-09,9.692212e-01,1233.837106
7.210023e+01,2.202455e-02,1.034134e-01,5.126135e-02,1.957136e-09,9.652578e-01,1234.549854
7.189034e+01,2.194690e-02,1.037684e-01,5.113567e-02,1.951736e-09,9.680951e-01,1235.515716
7.182800e+01,2.210899e-02,1.036669e-01,5.139554e-02,1.957401e-09,9.676990e-01,1234.484829
7.182800e+01,2.210899e-02,1.036669e-01,5.139554e-02,1.957401e-09,9.676990e-01,1234.484829
7.182800e+01,2.210899e-02,1.036669e-01,5.139554e-02,1.957401e-09,9.676990e-01,1234.484829
7.171405e+01,2.193845e-02,1.033494e-01,5.123648e-02,1.960649e-09,9.704568e-01,1235.717098
7.171405e+01,2.193845e-02,1.033494e-01,5.123648e-02,1.960649e-09,9.704568e-01,1235.717098
7.171405e+01,2.193845e-02,1.033494e-01,5.123648e-02,1.960649e-09,9.704568e-01,1235.717098
7.171405e+01,2.193845e-02,1.033494e-01,5.123648e-02,1.960649e-09,9.704568e-01,1235.717098
7.171405e+01,2.193845e-02,1.033494e-01,5.123648e-02,1.960649e-09,9.704568e-01,1235.717098
7.106534e+01,2.198593e-02,1.036572e-01,5.163301e-02,1.956415e-09,9.691345e-01,1237.571601
7.104589e+01,2.189185e-02,1.031784e-01,5.149862e-02,1.972568e-09,9.699846e-01,1244.797910
7.108914e+01,2.184886e-02,1.026618e-01,5.131630e-02,1.963684e-09,9.702690e-01,1244.023684
7.118077e+01,2.182551e-02,1.029461e-01,5.125311e-02,1.958745e-09,9.609425e-01,1243.018581
7.118077e+01,2.182551e-02,1.029461e-01,5.125311e-02,1.958745e-09,9.609425e-01,1243.018581
7.152481e+01,2.170525e-02,1.029670e-01,5.111548e-02,1.944501e-09,9.680092e-01,1238.596227
7.152481e+01,2.170525e-02,1.029670e-01,5.111548e-02,1.944501e-09,9.680092e-01,1238.596227
7.152481e+01,2.170525e-02,1.029670e-01,5.111548e-02,1.944501e-09,9.680092e-01,1238.596227
7.152481e+01,2.170525e-02,1.029670e-01,5.111548e-02,1.944501e-09,9.680092e-01,1238.596227
7.152481e+01,2.170525e-02,1.029670e-01,5.111548e-02,1.944501e-09,9.680092e-01,1238.596227
7.170885e+01,2.163453e-02,1.036088e-01,5.134750e-02,1.947332e-09,9.675186e-01,1239.519399
7.200365e+01,2.167340e-02,1.027629e-01,5.124311e-02,1.947284e-09,9.687341e-01,1237.981343
7.200857e+01,2.160636e-02,1.031525e-01,5.164873e-02,1.946766e-09,9.645938e-01,1237.900999
7.203493e+01,2.170172e-02,1.027527e-01,5.168290e-02,1.939649e-09,9.570130e-01,1237.396813
7.203493e+01,2.170172e-02,1.027527e-01,5.168290e-02,1.939649e-09,9.570130e-01,1237.396813
7.203493e+01,2.170172e-02,1.027527e-01,5.168290e-02,1.939649e-09,9.570130e-01,1237.396813
7.232068e+01,2.169311e-02,1.036463e-01,5.158548e-02,1.933556e-09,9.600854e-01,1244.673802
7.228849e+01,2.182145e-02,1.034472e-01,5.150419e-02,1.938624e-09,9.579887e-01,1238.475545
7.228849e+01,2.182145e-02,1.034472e-01,5.150419e-02,1.938624e-09,9.579887e-01,1238.475545
7.228849e+01,2.182145e-02,1.034472e-01,5.150419e-02,1.938624e-09,9.579887e-01,1238.475545
7.240443e+01,2.172383e-02,1.035505e-01,5.135678e-02,1.946648e-09,9.584829e-01,1236.898418
7.221273e+01,2.174415e-02,1.031333e-01,5.111163e-02,1.943908e-09,9.556472e-01,1237.278748
7.221273e+01,2.174415e-02,1.031333e-01,5.111163e-02,1.943908e-09,9.556472e-01,1237.278748
7.195813e+01,2.170297e-02,1.030650e-01,5.095690e-02,1.950743e-09,9.589889e-01,1237.286689
7.173143e+01,2.176023e-02,1.032238e-01,5.095964e-02,1.942759e-09,9.599477e-01,1236.306043
7.205001e+01,2.171526e-02,1.036261e-01,5.083383e-02,1.946989e-09,9.614115e-01,1235.985379
7.179031e+01,2.159943e-02,1.033304e-01,5.080995e-02,1.952077e-09,9.588204e-01,1237.441007
7.218250e+01,2.156174e-02,1.042810e-01,5.094197e-02,1.967523e-09,9.598709e-01,1239.479168
7.252585e+01,2.165498e-02,1.036935e-01,5.104862e-02,1.964488e-09,9.661485e-01,1237.915113
7.243453e+01,2.171578e-02,1.043093e-01,5.119274e-02,1.961299e-09,9.638818e-01,1236.352338
7.219506e+01,2.159766e-02,1.047650e-01,5.104003e-02,1.963252e-09,9.615213e-01,1237.347754
7.219506e+01,2.159766e-02,1.047650e-01,5.104003e-02,1.963252e-09,9.615213e-01,1237.347754
7.219506e+01,2.159766e-02,1.047650e-01,5.104003e-02,1.963252e-09,9.615213e-01,1237.347754
7.219506e+01,2.159766e-02,1.047650e-01,5.104003e-02,1.963252e-09,9.615213e-01,1237.347754
7.219506e+01,2.159766e-02,1.047650e-01,5.104003e-02,1.963252e-09,9.615213e-01,1237.347754
7.219506e+01,2.159766e-02,1.047650e-01,5.104003e-02,1.963252e-09,9.615213e-01,1237.347754
7.247503e+01,2.154931e-02,1.042996e-01,5.125779e-02,1.969004e-09,9.651694e-01,1239.751262
7.247503e+01,2.154931e-02,1.042996e-01,5.125779e-02,1.969004e-09,9.651694e-01,1239.751262
7.247503e+01,2.154931e-02,1.042996e-01,5.125779e-02,1.969004e-09,9.651694e-01,1239.751262
7.214808e+01,2.159671e-02,1.052300e-01,5.083969e-02,1.966465e-09,9.614507e-01,1237.608203
7.214808e+01,2.159671e-02,1.052300e-01,5.083969e-02,1.966465e-09,9.614507e-01,1237.608203
7.228005e+01,2.158416e-02,1.054751e-01,5.077097e-02,1.967022e-09,9.598650e-01,1238.824732
7.169632e+01,2.159421e-02,1.059497e-01,5.071144e-02,1.964839e-09,9.618445e-01,1237.641339
7.169632e+01,2.159421e-02,1.059497e-01,5.071144e-02,1.964839e-09,9.618445e-01,1237.641339
7.156287e+01,2.160675e-02,1.054655e-01,5.069813e-02,1.974076e-09,9.648313e-01,1236.194044
7.156287e+01,2.160675e-02,1.054655e-01,5.069813e-02,1.974076e-09,9.648313e-01,1236.194044
7.156287e+01,2.160675e-02,1.054655e-01,5.069813e-02,1.974076e-09,9.648313e-01,1236.194044
7.156287e+01,2.160675e-02,1.054655e-01,5.069813e-02,1.974076e-09,9.648313e-01,1236.194044
7.156287e+01,2.160675e-02,1.054655e-01,5.069813e-02,1.974076e-09,9.648313e-01,1236.194044
7.140178e+01,2.172945e-02,1.056836e-01,5.068259e-02,1.970397e-09,9.632441e-01,1233.871634
7.140178e+01,2.172945e-02,1.056836e-01,5.068259e-02,1.970397e-09,9.632441e-01,1233.871634
7.141093e+01,2.168474e-02,1.056984e-01,5.091004e-02,1.966684e-09,9.624733e-01,1234.649060
7.115955e+01,2.173292e-02,1.057275e-01,5.098605e-02,1.967203e-09,9.633662e-01,1233.994920
7.106987e+01,2.168509e-02,1.061825e-01,5.040774e-02,1.978928e-09,9.666366e-01,1234.645062
7.108401e+01,2.161061e-02,1.061412e-01,5.050976e-02,1.982329e-09,9.600368e-01,1237.249656
7.129756e+01,2.167668e-02,1.063224e-01,5.053730e-02,1.978581e-09,9.613426e-01,1234.617164
7.129756e+01,2.167668e-02,1.063224e-01,5.053730e-02,1.978581e-09,9.613426e-01,1234.617164
7.075458e+01,2.192596e-02,1.059056e-01,5.048817e-02,1.958606e-09,9.617905e-01,1234.862343
7.070185e+01,2.199038e-02,1.051532e-01,5.063200e-02,1.955345e-09,9.660947e-01,1236.877679
7.116337e+01,2.210253e-02,1.043575e-01,5.064491e-02,1.951698e-09,9.668858e-01,1236.618375
7.125229e+01,2.209178e-02,1.051833e-01,5.056945e-02,1.959843e-09,9.677745e-01,1234.488630
7.125229e+01,2.209178e-02,1.051833e-01,5.056945e-02,1.959843e-09,9.677745e-01,1234.488630
7.125229e+01,2.209178e-02,1.051833e-01,5.056945e-02,1.959843e-09,9.677745e-01,1234.488630
7.125229e+01,2.209178e-02,1.051833e-01,5.056945e-02,1.959843e-09,9.677745e-01,1234.488630
7.138249e+01,2.203428e-02,1.047303e-01,5.012812e-02,1.964041e-09,9.656607e-01,1233.695868
7.174970e+01,2.195940e-02,1.052711e-01,5.030377e-02,1.961405e-09,9.692395e-01,1234.832450
7.174970e+01,2.195940e-02,1.052711e-01,5.030377e-02,1.961405e-09,9.692395e-01,1234.832450
7.175967e+01,2.208009e-02,1.054720e-01,5.004387e-02,1.967755e-09,9.752302e-01,1235.088538
7.219997e+01,2.212420e-02,1.057386e-01,5.026421e-02,1.967230e-09,9.678353e-01,1233.240310
7.184651e+01,2.224702e-02,1.062548e-01,5.013611e-02,1.978494e-09,9.612923e-01,1233.770244
7.209207e+01,2.220210e-02,1.059579e-01,5.007612e-02,1.979653e-09,9.700796e-01,1231.305305
7.209207e+01,2.220210e-02,1.059579e-01,5.007612e-02,1.979653e-09,9.700796e-01,1231.305305
7.209207e+01,2.220210e-02,1.059579e-01,5.007612e-02,1.979653e-09,9.700796e-01,1231.305305
7.157365e+01,2.221292e-02,1.057364e-01,5.017528e-02,1.962883e-09,9.680703e-01,1233.613264
7.157365e+01,2.221292e-02,1.057364e-01,5.017528e-02,1.962883e-09,9.680703e-01,1233.613264
7.157365e+01,2.221292e-02,1.057364e-01,5.017528e-02,1.962883e-09,9.680703e-01,1233.613264
7.116312e+01,2.213660e-02,1.057715e-01,5.007287e-02,1.960905e-09,9.674877e-01,1234.424920
7.119531e+01,2.209016e-02,1.067337e-01,4.969742e-02,1.967419e-09,9.713467e-01,1236.102888
7.129195e+01,2.204840e-02,1.068877e-01,4.978131e-02,1.973167e-09,9.674811e-01,1232.420101
7.129195e+01,2.204840e-02,1.068877e-01,4.978131e-02,1.973167e-09,9.674811e-01,1232.420101
7.129195e+01,2.204840e-02,1.068877e-01,4.978131e-02,1.973167e-09,9.674811e-01,1232.420101
7.129195e+01,2.204840e-02,1.068877e-01,4.978131e-02,1.973167e-09,9.674811e-01,1232.420101
7.096455e+01,2.210928e-02,1.067864e-01,4.914913e-02,1.983462e-09,9.645527e-01,1233.054057
7.125016e+01,2.208580e-02,1.066731e-01,4.912192e-02,1.978619e-09,9.600933e-01,1233.948901
7.125016e+01,2.208580e-02,1.066731e-01,4.912192e-02,1.978619e-09,9.600933e-01,1233.948901
7.159650e+01,2.206901e-02,1.066442e-01,4.897076e-02,1.966993e-09,9.565036e-01,1234.024331
7.159650e+01,2.206901e-02,1.066442e-01,4.897076e-02,1.966993e-09,9.565036e-01,1234.024331
7.152985e+01,2.190956e-02,1.063039e-01,4.876870e-02,1.979208e-09,9.628261e-01,1234.761622
7.152985e+01,2.190956e-02,1.063039e-01,4.876870e-02,1.979208e-09,9.628261e-01,1234.761622
7.072026e+01,2.195074e-02,1.057604e-01,4.895937e-02,1.956262e-09,9.656711e-01,1234.678815
7.072026e+01,2.195074e-02,1.057604e-01,4.895937e-02,1.956262e-09,9.656711e-01,1234.678815
7.081386e+01,2.210218e-02,1.056316e-01,4.884804e-02,1.957372e-09,9.676007e-01,1234.605369
7.042438e+01,2.219958e-02,1.061336e-01,4.905420e-02,1.970996e-09,9.692431e-01,1234.664017
7.042438e+01,2.219958e-02,1.061336e-01,4.905420e-02,1.970996e-09,9.692431e-01,1234.664017
7.045816e+01,2.211728e-02,1.058655e-01,4.918622e-02,1.971794e-09,9.723525e-01,1235.283137
7.054261e+01,2.217566e-02,1.064702e-01,4.910398e-02,1.970853e-09,9.710939e-01,1233.747982
7.054261e+01,2.217566e-02,1.064702e-01,4.910398e-02,1.970853e-09,9.710939e-01,1233.747982
7.054261e+01,2.217566e-02,1.064702e-01,4.910398e-02,1.970853e-09,9.710939e-01,1233.747982
7.054261e+01,2.217566e-02,1.064702e-01,4.910398e-02,1.970853e-09,9.710939e-01,1233.747982
7.101479e+01,2.208235e-02,1.068787e-01,4.875473e-02,1.968006e-09,9.683594e-01,1232.735573
7.101479e+01,2.208235e-02,1.068787e-01,4.875473e-02,1.968006e-09,9.683594e-01,1232.735573
7.101479e+01,2.208235e-02,1.068787e-01,4.875473e-02,1.968006e-09,9.683594e-01,1232.735573
7.170725e+01,2.210941e-02,1.070281e-01,4.865954e-02,1.982348e-09,9.646075e-01,1232.118245
7.170725e+01,2.210941e-02,1.070281e-01,4.865954e-02,1.982348e-09,9.646075e-01,1232.118245
7.169970e+01,2.194121e-02,1.066798e-01,4.874755e-02,1.974929e-09,9.620090e-01,1233.028970
7.169970e+01,2.194121e-02,1.066798e-01,4.874755e-02,1.974929e-09,9.620090e-01,1233.028970
7.169970e+01,2.194121e-02,1.066798e-01,4.874755e-02,1.974929e-09,9.620090e-01,1233.028970
7.156768e+01,2.188684e-02,1.066055e-01,4.823207e-02,1.970253e-09,9.651203e-01,1232.743491
7.156768e+01,2.188684e-02,1.066055e-01,4.823207e-02,1.970253e-09,9.651203e-01,1232.743491
7.126266e+01,2.207100e-02,1.064791e-01,4.815730e-02,1.964889e-09,9.676567e-01,1232.044285
7.186308e+01,2.197240e-02,1.065433e-01,4.804054e-02,1.979973e-09,9.666051e-01,1233.789067
7.164972e+01,2.192648e-02,1.077212e-01,4.775532e-02,1.981468e-09,9.653112e-01,1233.319848
7.164972e+01,2.192648e-02,1.077212e-01,4.775532e-02,1.981468e-09,9.653112e-01,1233.319848
7.164972e+01,2.192648e-02,1.077212e-01,4.775532e-02,1.981468e-09,9.653112e-01,1233.319848
7.164972e+01,2.192648e-02,1.077212e-01,4.775532e-02,1.981468e-09,9.653112e-01,1233.319848
7.192808e+01,2.199839e-02,1.075225e-01,4.782513e-02,1.976565e-09,9.607952e-01,1234.063998
7.224401e+01,2.218947e-02,1.081854e-01,4.772607e-02,1.984736e-09,9.648282e-01,1233.945275
7.218833e+01,2.216208e-02,1.070146e-01,4.779959e-02,1.978116e-09,9.686386e-01,1232.134657
7.218833e+01,2.216208e-02,1.070146e-01,4.779959e-02,1.978116e-09,9.686386e-01,1232.134657
7.195533e+01,2.232694e-02,1.065287e-01,4.831962e-02,1.971917e-09,9.706551e-01,1230.930984
7.195533e+01,2.232694e-02,1.065287e-01,4.831962e-02,1.971917e-09,9.706551e-01,1230.930984
7.195533e+01,2.232694e-02,1.065287e-01,4.831962e-02,1.971917e-09,9.706551e-01,1230.930984
7.195533e+01,2.232694e-02,1.065287e-01,4.831962e-02,1.971917e-09,9.706551e-01,1230.930984
7.195533e+01,2.232694e-02,1.065287e-01,4.831962e-02,1.971917e-09,9.706551e-01,1230.930984
7.195533e+01,2.232694e-02,1.065287e-01,4.831962e-02,1.971917e-09,9.706551e-01,1230.930984
7.163351e+01,2.223354e-02,1.064042e-01,4.818129e-02,1.979761e-09,9.705852e-01,1231.315445
7.155044e+01,2.224401e-02,1.070297e-01,4.807496e-02,1.980023e-09,9.781676e-01,1232.635089
7.155044e+01,2.224401e-02,1.070297e-01,4.807496e-02,1.980023e-09,9.781676e-01,1232.635089
7.155044e+01,2.224401e-02,1.070297e-01,4.807496e-02,1.980023e-09,9.781676e-01,1232.635089
7.155044e+01,2.224401e-02,1.070297e-01,4.807496e-02,1.980023e-09,9.781676e-01,1232.635089
7.120198e+01,2.220509e-02,1.061935e-01,4.746755e-02,1.985684e-09,9.825814e-01,1235.928643
7.120198e+01,2.220509e-02,1.061935e-01,4.746755e-02,1.985684e-09,9.825814e-01,1235.928643
7.120198e+01,2.220509e-02,1.061935e-01,4.746755e-02,1.985684e-09,9.825814e-01,1235.928643
7.093412e+01,2.225839e-02,1.054516e-01,4.709396e-02,1.971713e-09,9.751772e-01,1236.058501
7.068919e+01,2.219366e-02,1.059730e-01,4.714690e-02,1.961896e-09,9.732879e-01,1234.530025
7.067366e+01,2.244606e-02,1.065363e-01,4.745181e-02,1.967902e-09,9.729287e-01,1234.291621
7.067366e+01,2.244606e-02,1.065363e-01,4.745181e-02,1.967902e-09,9.729287e-01,1234.291621
7.067366e+01,2.244606e-02,1.065363e-01,4.745181e-02,1.967902e-09,9.729287e-01,1234.291621
7.104361e+01,2.246008e-02,1.069313e-01,4.728878e-02,1.982110e-09,9.824555e-01,1233.435701
7.104361e+01,2.246008e-02,1.069313e-01,4.728878e-02,1.982110e-09,9.824555e-01,1233.435701
7.104361e+01,2.246008e-02,1.069313e-01,4.728878e-02,1.982110e-09,9.824555e-01,1233.435701
7.104361e+01,2.246008e-02,1.069313e-01,4.728878e-02,1.982110e-09,9.824555e-01,1233.435701
7.104361e+01,2.246008e-02,1.069313e-01,4.728878e-02,1.982110e-09,9.824555e-01,1233.435701
7.104361e+01,2.246008e-02,1.069313e-01,4.728878e-02,1.982110e-09,9.824555e-01,1233.435701
7.094111e+01,2.246694e-02,1.072623e-01,4.727285e-02,1.990087e-09,9.807414e-01,1232.753610
7.094111e+01,2.246694e-02,1.072623e-01,4.727285e-02,1.990087e-09,9.807414e-01,1232.753610
7.094111e+01,2.246694e-02,1.072623e-01,4.727285e-02,1.990087e-09,9.807414e-01,1232.753610
7.094111e+01,2.246694e-02,1.072623e-01,4.727285e-02,1.990087e-09,9.807414e-01,1232.753610
7.094111e+01,2.246694e-02,1.072623e-01,4.727285e-02,1.990087e-09,9.807414e-01,1232.753610
7.116076e+01,2.238683e-02,1.072352e-01,4.735084e-02,1.981442e-09,9.806071e-01,1232.548758
7.116076e+01,2.238683e-02,1.072352e-01,4.735084e-02,1.981442e-09,9.806071e-01,1232.548758
7.085624e+01,2.244309e-02,1.071846e-01,4.740050e-02,1.982627e-09,9.794254e-01,1232.577338
7.085624e+01,2.244309e-02,1.071846e-01,4.740050e-02,1.982627e-09,9.794254e-01,1232.577338
7.091797e+01,2.239414e-02,1.068744e-01,4.744782e-02,1.972687e-09,9.791817e-01,1234.375180
7.129196e+01,2.237069e-02,1.065856e-01,4.718062e-02,1.972285e-09,9.733392e-01,1231.029157
7.145769e+01,2.253021e-02,1.072380e-01,4.711822e-02,1.974854e-09,9.776582e-01,1231.705503
7.140784e+01,2.242118e-02,1.078359e-01,4.700515e-02,1.979264e-09,9.731253e-01,1229.988852
7.175704e+01,2.235528e-02,1.081263e-01,4.673201e-02,1.991364e-09,9.820356e-01,1232.720827
7.190494e+01,2.231320e-02,1.080202e-01,4.700166e-02,1.994941e-09,9.802237e-01,1232.392115
7.193145e+01,2.230846e-02,1.081557e-01,4.695979e-02,1.996956e-09,9.811881e-01,1233.060935
7.193145e+01,2.230846e-02,1.081557e-01,4.695979e-02,1.996956e-09,9.811881e-01,1233.060935
7.195028e+01,2.215265e-02,1.090866e-01,4.664087e-02,2.002506e-09,9.728277e-01,1235.105387
7.195028e+01,2.215265e-02,1.090866e-01,4.664087e-02,2.002506e-09,9.728277e-01,1235.105387
7.185310e+01,2.217643e-02,1.089026e-01,4.633360e-02,1.995282e-09,9.748346e-01,1233.589617
7.185310e+01,2.217643e-02,1.089026e-01,4.633360e-02,1.995282e-09,9.748346e-01,1233.589617
7.165830e+01,2.219246e-02,1.088996e-01,4.614320e-02,1.989799e-09,9.777556e-01,1234.328464
7.165830e+01,2.219246e-02,1.088996e-01,4.614320e-02,1.989799e-09,9.777556e-01,1234.328464
7.113153e+01,2.235247e-02,1.087564e-01,4.590742e-02,1.988838e-09,9.774909e-01,1230.407722
7.119421e+01,2.227241e-02,1.086878e-01,4.619060e-02,1.992648e-09,9.775027e-01,1230.989697
7.142666e+01,2.242225e-02,1.088472e-01,4.608688e-02,1.999379e-09,9.744467e-01,1230.585378
7.142666e+01,2.242225e-02,1.088472e-01,4.608688e-02,1.999379e-09,9.744467e-01,1230.585378
7.142666e+01,2.242225e-02,1.088472e-01,4.608688e-02,1.999379e-09,9.744467e-01,1230.585378
7.142666e+01,2.242225e-02,1.088472e-01,4.608688e-02,1.999379e-09,9.744467e-01,1230.585378
7.182302e+01,2.236427e-02,1.086098e-01,4.609005e-02,1.998308e-09,9.768332e-01,1231.527644
7.214840e+01,2.228378e-02,1.081142e-01,4.626521e-02,2.002401e-09,9.829169e-01,1235.810464
7.250662e+01,2.231660e-02,1.092484e-01,4.642508e-02,1.998794e-09,9.786908e-01,1237.114054
7.250662e+01,2.231660e-02,1.092484e-01,4.642508e-02,1.998794e-09,9.786908e-01,1237.114054
7.250662e+01,2.231660e-02,1.092484e-01,4.642508e-02,1.998794e-09,9.786908e-01,1237.114054
7.250662e+01,2.231660e-02,1.092484e-01,4.642508e-02,1.998794e-09,9.786908e-01,1237.114054
7.250662e+01,2.231660e-02,1.092484e-01,4.642508e-02,1.998794e-09,9.786908e-01,1237.114054
7.243073e+01,2.229712e-02,1.085544e-01,4.627248e-02,1.996453e-09,9.785876e-01,1234.979865
7.207823e+01,2.222064e-02,1.088714e-01,4.673721e-02,2.002967e-09,9.835979e-01,1237.860853
7.207823e+01,2.222064e-02,1.088714e-01,4.673721e-02,2.002967e-09,9.835979e-01,1237.860853
7.197476e+01,2.220695e-02,1.088233e-01,4.660930e-02,2.001745e-09,9.847196e-01,1238.471930
7.203906e+01,2.219254e-02,1.090262e-01,4.675424e-02,2.013890e-09,9.809022e-01,1238.739552
7.203906e+01,2.219254e-02,1.090262e-01,4.675424e-02,2.013890e-09,9.809022e-01,1238.739552
7.203906e+01,2.219254e-02,1.090262e-01,4.675424e-02,2.013890e-09,9.809022e-01,1238.739552
7.219688e+01,2.203745e-02,1.090375e-01,4.647642e-02,2.007823e-09,9.743224e-01,1240.771809
7.219688e+01,2.203745e-02,1.090375e-01,4.647642e-02,2.007823e-09,9.743224e-01,1240.771809
7.219688e+01,2.203745e-02,1.090375e-01,4.647642e-02,2.007823e-09,9.743224e-01,1240.771809
7.219688e+01,2.203745e-02,1.090375e-01,4.647642e-02,2.007823e-09,9.743224e-01,1240.771809
7.186008e+01,2.204681e-02,1.079295e-01,4.664761e-02,2.001362e-09,9.735624e-01,1238.347008
7.186827e+01,2.191583e-02,1.074614e-01,4.680029e-02,1.993987e-09,9.749703e-01,1238.348710
7.186827e+01,2.191583e-02,1.074614e-01,4.680029e-02,1.993987e-09,9.749703e-01,1238.348710
7.186827e+01,2.191583e-02,1.074614e-01,4.680029e-02,1.993987e-09,9.749703e-01,1238.348710
7.186827e+01,2.191583e-02,1.074614e-01,4.680029e-02,1.993987e-09,9.749703e-01,1238.348710
7.191132e+01,2.181625e-02,1.067452e-01,4.657241e-02,1.990927e-09,9.778225e-01,1241.996493
7.191132e+01,2.181625e-02,1.067452e-01,4.657241e-02,1.990927e-09,9.778225e-01,1241.996493
7.187034e+01,2.181160e-02,1.064305e-01,4.640439e-02,1.983883e-09,9.783958e-01,1240.568915
7.187034e+01,2.181160e-02,1.064305e-01,4.640439e-02,1.983883e-09,9.783958e-01,1240.568915
7.131462e+01,2.194398e-02,1.065958e-01,4.631392e-02,1.968600e-09,9.805677e-01,1239.149219
7.131462e+01,2.194398e-02,1.065958e-01,4.631392e-02,1.968600e-09,9.805677e-01,1239.149219
7.180480e+01,2.185727e-02,1.074549e-01,4.644966e-02,1.980046e-09,9.725690e-01,1236.479220
7.180480e+01,2.185727e-02,1.074549e-01,4.644966e-02,1.980046e-09,9.725690e-01,1236.479220
7.202574e+01,2.180368e-02,1.075075e-01,4.649357e-02,1.984707e-09,9.704239e-01,1238.619680
7.164242e+01,2.196589e-02,1.078764e-01,4.670114e-02,1.988390e-09,9.740236e-01,1234.857929
7.174635e+01,2.208245e-02,1.080850e-01,4.687434e-02,1.984593e-09,9.722188e-01,1232.926893
7.207349e+01,2.210321e-02,1.078405e-01,4.700020e-02,1.983722e-09,9.716302e-01,1233.527849
7.236551e+01,2.210843e-02,1.080936e-01,4.686640e-02,1.978383e-09,9.724822e-01,1237.641325
7.236551e+01,2.210843e-02,1.080936e-01,4.686640e-02,1.978383e-09,9.724822e-01,1237.641325
7.211873e+01,2.202297e-02,1.085518e-01,4.675307e-02,1.994187e-09,9.716824e-01,1236.646233
7.211873e+01,2.202297e-02,1.085518e-01,4.675307e-02,1.994187e-09,9.716824e-01,1236.646233
7.211873e+01,2.202297e-02,1.085518e-01,4.675307e-02,1.994187e-09,9.716824e-01,1236.646233
7.211873e+01,2.202297e-02,1.085518e-01,4.675307e-02,1.994187e-09,9.716824e-01,1236.646233
7.211873e+01,2.202297e-02,1.085518e-01,4.675307e-02,1.994187e-09,9.716824e-01,1236.646233
7.211873e+01,2.202297e-02,1.085518e-01,4.675307e-02,1.994187e-09,9.716824e-01,1236.646233
7.211873e+01,2.202297e-02,1.085518e-01,4.675307e-02,1.994187e-09,9.716824e-01,1236.646233
7.211873e+01,2.202297e-02,1.085518e-01,4.675307e-02,1.994187e-09,9.716824e-01,1236.646233
7.211873e+01,2.202297e-02,1.085518e-01,4.675307e-02,1.994187e-09,9.716824e-01,1236.646233
7.125067e+01,2.201977e-02,1.092467e-01,4.701752e-02,2.005380e-09,9.689804e-01,1235.083318
7.123157e+01,2.195284e-02,1.091943e-01,4.677543e-02,1.995965e-09,9.637011e-01,1234.319082
7.057744e+01,2.197553e-02,1.088268e-01,4.640328e-02,1.990658e-09,9.622000e-01,1233.085236
7.057744e+01,2.197553e-02,1.088268e-01,4.640328e-02,1.990658e-09,9.622000e-01,1233.085236
7.049258e+01,2.203597e-02,1.093419e-01,4.659352e-02,1.980418e-09,9.620505e-01,1230.330810
7.015048e+01,2.206620e-02,1.092902e-01,4.668169e-02,1.977621e-09,9.633264e-01,1230.560341
7.015048e+01,2.206620e-02,1.092902e-01,4.668169e-02,1.977621e-09,9.633264e-01,1230.560341
7.051510e+01,2.210728e-02,1.096126e-01,4.676845e-02,1.984138e-09,9.634935e-01,1230.046186
7.037449e+01,2.213491e-02,1.097825e-01,4.657052e-02,1.984287e-09,9.662459e-01,1230.305358
7.060113e+01,2.217516e-02,1.108034e-01,4.644540e-02,1.996693e-09,9.674884e-01,1230.397537
7.060269e+01,2.223964e-02,1.110121e-01,4.643421e-02,1.993148e-09,9.614458e-01,1230.743270
7.054243e+01,2.220083e-02,1.109337e-01,4.644352e-02,1.995013e-09,9.649545e-01,1230.210269
6.988458e+01,2.211149e-02,1.106243e-01,4.647568e-02,2.001844e-09,9.656149e-01,1229.520964
6.988458e+01,2.211149e-02,1.106243e-01,4.647568e-02,2.001844e-09,9.656149e-01,1229.520964
6.946142e+01,2.205849e-02,1.106919e-01,4.658298e-02,1.995568e-09,9.712790e-01,1231.696395
6.980055e+01,2.202243e-02,1.103318e-01,4.665177e-02,1.995849e-09,9.716229e-01,1231.547275
6.980055e+01,2.202243e-02,1.103318e-01,4.665177e-02,1.995849e-09,9.716229e-01,1231.547275
6.972681e+01,2.200559e-02,1.110396e-01,4.660612e-02,2.000464e-09,9.646848e-01,1229.489287
6.972681e+01,2.200559e-02,1.110396e-01,4.660612e-02,2.000464e-09,9.646848e-01,1229.489287
6.972681e+01,2.200559e-02,1.110396e-01,4.660612e-02,2.000464e-09,9.646848e-01,1229.489287
6.972681e+01,2.200559e-02,1.110396e-01,4.660612e-02,2.000464e-09,9.646848e-01,1229.489287
6.972681e+01,2.200559e-02,1.110396e-01,4.660612e-02,2.000464e-09,9.646848e-01,1229.489287
6.998834e+01,2.212640e-02,1.116650e-01,4.618053e-02,2.005244e-09,9.676895e-01,1229.524493
6.994736e+01,2.215464e-02,1.119498e-01,4.597234e-02,2.007737e-09,9.660258e-01,1229.132312
6.994736e+01,2.215464e-02,1.119498e-01,4.597234e-02,2.007737e-09,9.660258e-01,1229.132312
6.994736e+01,2.215464e-02,1.119498e-01,4.597234e-02,2.007737e-09,9.660258e-01,1229.132312
6.956453e+01,2.212286e-02,1.121047e-01,4.608530e-02,2.007707e-09,9.662026e-01,1228.857426
6.956453e+01,2.212286e-02,1.121047e-01,4.608530e-02,2.007707e-09,9.662026e-01,1228.857426
6.956453e+01,2.212286e-02,1.121047e-01,4.608530e-02,2.007707e-09,9.662026e-01,1228.857426
6.959689e+01,2.209461e-02,1.132052e-01,4.590595e-02,2.020381e-09,9.674752e-01,1230.106266
6.959689e+01,2.209461e-02,1.132052e-01,4.590595e-02,2.020381e-09,9.674752e-01,1230.106266
6.959689e+01,2.209461e-02,1.132052e-01,4.590595e-02,2.020381e-09,9.674752e-01,1230.106266
6.939420e+01,2.208607e-02,1.127784e-01,4.617564e-02,2.020733e-09,9.666898e-01,1229.843798
6.939420e+01,2.208607e-02,1.127784e-01,4.617564e-02,2.020733e-09,9.666898e-01,1229.843798
6.939420e+01,2.208607e-02,1.127784e-01,4.617564e-02,2.020733e-09,9.666898e-01,1229.843798
6.939420e+01,2.208607e-02,1.127784e-01,4.617564e-02,2.020733e-09,9.666898e-01,1229.843798
6.935305e+01,2.204470e-02,1.133180e-01,4.602153e-02,2.025225e-09,9.619679e-01,1231.560339
6.935305e+01,2.204470e-02,1.133180e-01,4.602153e-02,2.025225e-09,9.619679e-01,1231.560339
6.935305e+01,2.204470e-02,1.133180e-01,4.602153e-02,2.025225e-09,9.619679e-01,1231.560339
6.935305e+01,2.204470e-02,1.133180e-01,4.602153e-02,2.025225e-09,9.619679e-01,1231.560339
6.907011e+01,2.187001e-02,1.123773e-01,4.648491e-02,2.011522e-09,9.624465e-01,1230.205128
6.907011e+01,2.187001e-02,1.123773e-01,4.648491e-02,2.011522e-09,9.624465e-01,1230.205128
6.907011e+01,2.187001e-02,1.123773e-01,4.648491e-02,2.011522e-09,9.624465e-01,1230.205128
6.907011e+01,2.187001e-02,1.123773e-01,4.648491e-02,2.011522e-09,9.624465e-01,1230.205128
6.907011e+01,2.187001e-02,1.123773e-01,4.648491e-02,2.011522e-09,9.624465e-01,1230.205128
6.907011e+01,2.187001e-02,1.123773e-01,4.648491e-02,2.011522e-09,9.624465e-01,1230.205128
6.916869e+01,2.190049e-02,1.125357e-01,4.641684e-02,2.015126e-09,9.664049e-01,1230.818469
6.894662e+01,2.176340e-02,1.123829e-01,4.605313e-02,2.021763e-09,9.674714e-01,1234.916400
6.922329e+01,2.174307e-02,1.122894e-01,4.562839e-02,2.005201e-09,9.671168e-01,1233.734782
6.922329e+01,2.174307e-02,1.122894e-01,4.562839e-02,2.005201e-09,9.671168e-01,1233.734782
6.922329e+01,2.174307e-02,1.122894e-01,4.562839e-02,2.005201e-09,9.671168e-01,1233.734782
6.970516e+01,2.183944e-02,1.120530e-01,4.525970e-02,2.007067e-09,9.732133e-01,1236.386760
6.970516e+01,2.183944e-02,1.120530e-01,4.525970e-02,2.007067e-09,9.732133e-01,1236.386760
6.970516e+01,2.183944e-02,1.120530e-01,4.525970e-02,2.007067e-09,9.732133e-01,1236.386760
6.970516e+01,2.183944e-02,1.120530e-01,4.525970e-02,2.007067e-09,9.732133e-01,1236.386760
6.945810e+01,2.192561e-02,1.121925e-01,4.515653e-02,2.007643e-09,9.721370e-01,1233.297612
6.945810e+01,2.192561e-02,1.121925e-01,4.515653e-02,2.007643e-09,9.721370e-01,1233.297612
6.894709e+01,2.187514e-02,1.132399e-01,4.546283e-02,2.013015e-09,9.625578e-01,1230.221435
6.895526e+01,2.206513e-02,1.133663e-01,4.497147e-02,2.011252e-09,9.622805e-01,1228.690838
6.895526e+01,2.206513e-02,1.133663e-01,4.497147e-02,2.011252e-09,9.622805e-01,1228.690838
6.864654e+01,2.208282e-02,1.132078e-01,4.485643e-02,2.014724e-09,9.595241e-01,1230.753429
6.816303e+01,2.202995e-02,1.145330e-01,4.498406e-02,2.017498e-09,9.620913e-01,1228.735829
6.816303e+01,2.202995e-02,1.145330e-01,4.498406e-02,2.017498e-09,9.620913e-01,1228.735829
6.822558e+01,2.190341e-02,1.152704e-01,4.509734e-02,2.009350e-09,9.540834e-01,1231.087218
6.816383e+01,2.189290e-02,1.157221e-01,4.542917e-02,2.011232e-09,9.521409e-01,1232.192361
6.816383e+01,2.189290e-02,1.157221e-01,4.542917e-02,2.011232e-09,9.521409e-01,1232.192361
6.836956e+01,2.197033e-02,1.157187e-01,4.558533e-02,2.010283e-09,9.487496e-01,1233.322868
6.836956e+01,2.197033e-02,1.157187e-01,4.558533e-02,2.010283e-09,9.487496e-01,1233.322868
6.836956e+01,2.197033e-02,1.157187e-01,4.558533e-02,2.010283e-09,9.487496e-01,1233.322868
6.836956e+01,2.197033e-02,1.157187e-01,4.558533e-02,2.010283e-09,9.487496e-01,1233.322868
6.855359e+01,2.211621e-02,1.154294e-01,4.528714e-02,2.026191e-09,9.586647e-01,1229.037520
6.855359e+01,2.211621e-02,1.154294e-01,4.528714e-02,2.026191e-09,9.586647e-01,1229.037520
6.855359e+01,2.211621e-02,1.154294e-01,4.528714e-02,2.026191e-09,9.586647e-01,1229.037520
6.855359e+01,2.211621e-02,1.154294e-01,4.528714e-02,2.026191e-09,9.586647e-01,1229.037520
6.855359e+01,2.211621e-02,1.154294e-01,4.528714e-02,2.026191e-09,9.586647e-01,1229.037520
6.855359e+01,2.211621e-02,1.154294e-01,4.528714e-02,2.026191e-09,9.586647e-01,1229.037520
6.855359e+01,2.211621e-02,1.154294e-01,4.528714e-02,2.026191e-09,9.586647e-01,1229.037520
6.851234e+01,2.204816e-02,1.154407e-01,4.530293e-02,2.031332e-09,9.683827e-01,1230.828266
6.851234e+01,2.204816e-02,1.154407e-01,4.530293e-02,2.031332e-09,9.683827e-01,1230.828266
6.834768e+01,2.207320e-02,1.148690e-01,4.535578e-02,2.027890e-09,9.683507e-01,1229.813106
6.834768e+01,2.207320e-02,1.148690e-01,4.535578e-02,2.027890e-09,9.683507e-01,1229.813106
6.834768e+01,2.207320e-02,1.148690e-01,4.535578e-02,2.027890e-09,9.683507e-01,1229.813106
6.834768e+01,2.207320e-02,1.148690e-01,4.535578e-02,2.027890e-09,9.683507e-01,1229.813106
6.834768e+01,2.207320e-02,1.148690e-01,4.535578e-02,2.027890e-09,9.683507e-01,1229.813106
6.757153e+01,2.211590e-02,1.153277e-01,4.556519e-02,2.035135e-09,9.614608e-01,1230.983689
6.747912e+01,2.218943e-02,1.157018e-01,4.547747e-02,2.021509e-09,9.592529e-01,1229.616222
6.746600e+01,2.214136e-02,1.162311e-01,4.536580e-02,2.020411e-09,9.533255e-01,1230.213861
6.746600e+01,2.214136e-02,1.162311e-01,4.536580e-02,2.020411e-09,9.533255e-01,1230.213861
6.746600e+01,2.214136e-02,1.162311e-01,4.536580e-02,2.020411e-09,9.533255e-01,1230.213861
6.723623e+01,2.206967e-02,1.166320e-01,4.510414e-02,2.012542e-09,9.481649e-01,1232.880755
6.754196e+01,2.203433e-02,1.167475e-01,4.518241e-02,2.026175e-09,9.409454e-01,1238.104056
6.735110e+01,2.206319e-02,1.165551e-01,4.559904e-02,2.012065e-09,9.505367e-01,1233.436986
6.691172e+01,2.204524e-02,1.168420e-01,4.570150e-02,2.020354e-09,9.508365e-01,1231.464731
6.691172e+01,2.204524e-02,1.168420e-01,4.570150e-02,2.020354e-09,9.508365e-01,1231.464731
6.699138e+01,2.214083e-02,1.163020e-01,4.591322e-02,2.018672e-09,9.534583e-01,1231.868107
6.699138e+01,2.214083e-02,1.163020e-01,4.591322e-02,2.018672e-09,9.534583e-01,1231.868107
6.699138e+01,2.214083e-02,1.163020e-01,4.591322e-02,2.018672e-09,9.534583e-01,1231.868107
6.699138e+01,2.214083e-02,1.163020e-01,4.591322e-02,2.018672e-09,9.534583e-01,1231.868107
6.699138e+01,2.214083e-02,1.163020e-01,4.591322e-02,2.018672e-09,9.534583e-01,1231.868107
6.708625e+01,2.212759e-02,1.161642e-01,4.584947e-02,2.022250e-09,9.630268e-01,1232.354012
6.743717e+01,2.246267e-02,1.157877e-01,4.584799e-02,2.033412e-09,9.638471e-01,1231.280632
6.730228e+01,2.246326e-02,1.149257e-01,4.615654e-02,2.016217e-09,9.642312e-01,1235.026563
6.730228e+01,2.246326e-02,1.149257e-01,4.615654e-02,2.016217e-09,9.642312e-01,1235.026563
6.708803e+01,2.251174e-02,1.153168e-01,4.686560e-02,2.013913e-09,9.640852e-01,1239.768942
6.693528e+01,2.238387e-02,1.149261e-01,4.653658e-02,2.011430e-09,9.607584e-01,1237.681345
6.693528e+01,2.238387e-02,1.149261e-01,4.653658e-02,2.011430e-09,9.607584e-01,1237.681345
6.743057e+01,2.234697e-02,1.152126e-01,4.643460e-02,2.007707e-09,9.605509e-01,1237.103310
6.722892e+01,2.246377e-02,1.157709e-01,4.663174e-02,2.012308e-09,9.570695e-01,1237.947355
6.722892e+01,2.246377e-02,1.157709e-01,4.663174e-02,2.012308e-09,9.570695e-01,1237.947355
6.746455e+01,2.252891e-02,1.158273e-01,4.650185e-02,2.020013e-09,9.646962e-01,1235.636389
6.746455e+01,2.252891e-02,1.158273e-01,4.650185e-02,2.020013e-09,9.646962e-01,1235.636389
6.746151e+01,2.242008e-02,1.158808e-01,4.632290e-02,2.026103e-09,9.720764e-01,1235.983332
6.746151e+01,2.242008e-02,1.158808e-01,4.632290e-02,2.026103e-09,9.720764e-01,1235.983332
6.708884e+01,2.242208e-02,1.156592e-01,4.638250e-02,2.023134e-09,9.603222e-01,1233.856950
6.708884e+01,2.242208e-02,1.156592e-01,4.638250e-02,2.023134e-09,9.603222e-01,1233.856950
6.703891e+01,2.246050e-02,1.157120e-01,4.622270e-02,2.021657e-09,9.611227e-01,1234.854598
6.718418e+01,2.240572e-02,1.159920e-01,4.608556e-02,2.030114e-09,9.674275e-01,1232.414744
6.718418e+01,2.240572e-02,1.159920e-01,4.608556e-02,2.030114e-09,9.674275e-01,1232.414744
6.780892e+01,2.258713e-02,1.163745e-01,4.614668e-02,2.035872e-09,9.647696e-01,1230.258389
6.780892e+01,2.258713e-02,1.163745e-01,4.614668e-02,2.035872e-09,9.647696e-01,1230.258389
6.767710e+01,2.239168e-02,1.159412e-01,4.589941e-02,2.028356e-09,9.687029e-01,1231.372001
6.767710e+01,2.239168e-02,1.159412e-01,4.589941e-02,2.028356e-09,9.687029e-01,1231.372001
6.787148e+01,2.238356e-02,1.158065e-01,4.566389e-02,2.029836e-09,9.692110e-01,1230.141129
6.776337e+01,2.248512e-02,1.166147e-01,4.589842e-02,2.043817e-09,9.736029e-01,1230.484820
6.776337e+01,2.248512e-02,1.166147e-01,4.589842e-02,2.043817e-09,9.736029e-01,1230.484820
6.776337e+01,2.248512e-02,1.166147e-01,4.589842e-02,2.043817e-09,9.736029e-01,1230.484820
6.776337e+01,2.248512e-02,1.166147e-01,4.589842e-02,2.043817e-09,9.736029e-01,1230.484820
6.776337e+01,2.248512e-02,1.166147e-01,4.589842e-02,2.043817e-09,9.736029e-01,1230.484820
6.776337e+01,2.248512e-02,1.166147e-01,4.589842e-02,2.043817e-09,9.736029e-01,1230.484820
6.766536e+01,2.242803e-02,1.163346e-01,4.593334e-02,2.036199e-09,9.728686e-01,1231.986314
6.775802e+01,2.246828e-02,1.160957e-01,4.603825e-02,2.041824e-09,9.782360e-01,1233.381516
6.775802e+01,2.246828e-02,1.160957e-01,4.603825e-02,2.041824e-09,9.782360e-01,1233.381516
6.753232e+01,2.253049e-02,1.159436e-01,4.643437e-02,2.060492e-09,9.774270e-01,1235.667959
6.743920e+01,2.258355e-02,1.157190e-01,4.644941e-02,2.042056e-09,9.762913e-01,1233.889032
6.743920e+01,2.258355e-02,1.157190e-01,4.644941e-02,2.042056e-09,9.762913e-01,1233.889032
6.743920e+01,2.258355e-02,1.157190e-01,4.644941e-02,2.042056e-09,9.762913e-01,1233.889032
6.743920e+01,2.258355e-02,1.157190e-01,4.644941e-02,2.042056e-09,9.762913e-01,1233.889032
6.743920e+01,2.258355e-02,1.157190e-01,4.644941e-02,2.042056e-09,9.762913e-01,1233.889032
6.743920e+01,2.258355e-02,1.157190e-01,4.644941e-02,2.042056e-09,9.762913e-01,1233.889032
6.757889e+01,2.259237e-02,1.152379e-01,4.680305e-02,2.025895e-09,9.708602e-01,1234.960780
6.757889e+01,2.259237e-02,1.152379e-01,4.680305e-02,2.025895e-09,9.708602e-01,1234.960780
6.821852e+01,2.277515e-02,1.154449e-01,4.669607e-02,2.030747e-09,9.662158e-01,1232.271613
6.821852e+01,2.277515e-02,1.154449e-01,4.669607e-02,2.030747e-09,9.662158e-01,1232.271613
6.821852e+01,2.277515e-02,1.154449e-01,4.669607e-02,2.030747e-09,9.662158e-01,1232.271613
6.821852e+01,2.277515e-02,1.154449e-01,4.669607e-02,2.030747e-09,9.662158e-01,1232.271613
6.784363e+01,2.280670e-02,1.157568e-01,4.741253e-02,2.039258e-09,9.700459e-01,1233.275041
6.812617e+01,2.276814e-02,1.160950e-01,4.756305e-02,2.041293e-09,9.719379e-01,1231.684672
6.812617e+01,2.276814e-02,1.160950e-01,4.756305e-02,2.041293e-09,9.719379e-01,1231.684672
6.825598e+01,2.262520e-02,1.160041e-01,4.771441e-02,2.051453e-09,9.754993e-01,1229.665265
6.855745e+01,2.246066e-02,1.165983e-01,4.813620e-02,2.057673e-09,9.684235e-01,1228.408682
6.855745e+01,2.246066e-02,1.165983e-01,4.813620e-02,2.057673e-09,9.684235e-01,1228.408682
6.855745e+01,2.246066e-02,1.165983e-01,4.813620e-02,2.057673e-09,9.684235e-01,1228.408682
6.855745e+01,2.246066e-02,1.165983e-01,4.813620e-02,2.057673e-09,9.684235e-01,1228.408682
6.855745e+01,2.246066e-02,1.165983e-01,4.813620e-02,2.057673e-09,9.684235e-01,1228.408682
6.855745e+01,2.246066e-02,1.165983e-01,4.813620e-02,2.057673e-09,9.684235e-01,1228.408682
6.892414e+01,2.243250e-02,1.161532e-01,4.859610e-02,2.067016e-09,9.741971e-01,1230.483891
6.913330e+01,2.245198e-02,1.157909e-01,4.867369e-02,2.069344e-09,9.727111e-01,1232.130959
6.875172e+01,2.250246e-02,1.150104e-01,4.876815e-02,2.059832e-09,9.781444e-01,1230.603982
6.875172e+01,2.250246e-02,1.150104e-01,4.876815e-02,2.059832e-09,9.781444e-01,1230.603982
6.875172e+01,2.250246e-02,1.150104e-01,4.876815e-02,2.059832e-09,9.781444e-01,1230.603982
6.875172e+01,2.250246e-02,1.150104e-01,4.876815e-02,2.059832e-09,9.781444e-01,1230.603982
6.881572e+01,2.257566e-02,1.146164e-01,4.882220e-02,2.042706e-09,9.781707e-01,1230.818590
6.881572e+01,2.257566e-02,1.146164e-01,4.882220e-02,2.042706e-09,9.781707e-01,1230.818590
6.838369e+01,2.265934e-02,1.150963e-01,4.875417e-02,2.044359e-09,9.728772e-01,1229.858508
6.838369e+01,2.265934e-02,1.150963e-01,4.875417e-02,2.044359e-09,9.728772e-01,1229.858508
6.838369e+01,2.265934e-02,1.150963e-01,4.875417e-02,2.044359e-09,9.728772e-01,1229.858508
6.850206e+01,2.266539e-02,1.153466e-01,4.922203e-02,2.049523e-09,9.667182e-01,1229.711539
6.850206e+01,2.266539e-02,1.153466e-01,4.922203e-02,2.049523e-09,9.667182e-01,1229.711539
6.931773e+01,2.270467e-02,1.157183e-01,4.932453e-02,2.045852e-09,9.678194e-01,1229.986445
6.905923e+01,2.274301e-02,1.153963e-01,4.910947e-02,2.051745e-09,9.716564e-01,1228.463483
6.949242e+01,2.280709e-02,1.153091e-01,4.927601e-02,2.049148e-09,9.678527e-01,1229.613051
6.949242e+01,2.280709e-02,1.153091e-01,4.927601e-02,2.049148e-09,9.678527e-01,1229.613051
6.949242e+01,2.280709e-02,1.153091e-01,4.927601e-02,2.049148e-09,9.678527e-01,1229.613051
6.949242e+01,2.280709e-02,1.153091e-01,4.927601e-02,2.049148e-09,9.678527e-01,1229.613051
6.952880e+01,2.285663e-02,1.154089e-01,4.943918e-02,2.048815e-09,9.694245e-01,1229.813600
6.999146e+01,2.287473e-02,1.151002e-01,4.927864e-02,2.057864e-09,9.697591e-01,1230.902442
7.031965e+01,2.278117e-02,1.143761e-01,4.910834e-02,2.058077e-09,9.770385e-01,1229.792028
7.031965e+01,2.278117e-02,1.143761e-01,4.910834e-02,2.058077e-09,9.770385e-01,1229.792028
7.031965e+01,2.278117e-02,1.143761e-01,4.910834e-02,2.058077e-09,9.770385e-01,1229.792028
7.031965e+01,2.278117e-02,1.143761e-01,4.910834e-02,2.058077e-09,9.770385e-01,1229.792028
7.037541e+01,2.263098e-02,1.137348e-01,4.915850e-02,2.041832e-09,9.689112e-01,1229.692101
7.037541e+01,2.263098e-02,1.137348e-01,4.915850e-02,2.041832e-09,9.689112e-01,1229.692101
7.037541e+01,2.263098e-02,1.137348e-01,4.915850e-02,2.041832e-09,9.689112e-01,1229.692101
6.988218e+01,2.269748e-02,1.136704e-01,4.887783e-02,2.048943e-09,9.708775e-01,1230.577979
6.988218e+01,2.269748e-02,1.136704e-01,4.887783e-02,2.048943e-09,9.708775e-01,1230.577979
6.998994e+01,2.265229e-02,1.135914e-01,4.899507e-02,2.029751e-09,9.702616e-01,1229.402069
6.996976e+01,2.258913e-02,1.136174e-01,4.931239e-02,2.034081e-09,9.692697e-01,1228.698104
7.036896e+01,2.265097e-02,1.141317e-01,4.919397e-02,2.040204e-09,9.647786e-01,1231.267788
7.036896e+01,2.265097e-02,1.141317e-01,4.919397e-02,2.040204e-09,9.647786e-01,1231.267788
6.992200e+01,2.260896e-02,1.137726e-01,4.922637e-02,2.034462e-09,9.613292e-01,1231.247734
6.992200e+01,2.260896e-02,1.137726e-01,4.922637e-02,2.034462e-09,9.613292e-01,1231.247734
6.992200e+01,2.260896e-02,1.137726e-01,4.922637e-02,2.034462e-09,9.613292e-01,1231.247734
6.992200e+01,2.260896e-02,1.137726e-01,4.922637e-02,2.034462e-09,9.613292e-01,1231.247734
6.980884e+01,2.263835e-02,1.143736e-01,4.944365e-02,2.031370e-09,9.678218e-01,1231.422647
6.980884e+01,2.263835e-02,1.143736e-01,4.944365e-02,2.031370e-09,9.678218e-01,1231.422647
6.911828e+01,2.259386e-02,1.142221e-01,4.960286e-02,2.038354e-09,9.704041e-01,1228.601734
6.911828e+01,2.259386e-02,1.142221e-01,4.960286e-02,2.038354e-09,9.704041e-01,1228.601734
6.911828e+01,2.259386e-02,1.142221e-01,4.960286e-02,2.038354e-09,9.704041e-01,1228.601734
6.953915e+01,2.258540e-02,1.140815e-01,4.986377e-02,2.063358e-09,9.804650e-01,1231.230101
6.953915e+01,2.258540e-02,1.140815e-01,4.986377e-02,2.063358e-09,9.804650e-01,1231.230101
6.952892e+01,2.273479e-02,1.144767e-01,4.992049e-02,2.069170e-09,9.797269e-01,1231.566627
6.952892e+01,2.273479e-02,1.144767e-01,4.992049e-02,2.069170e-09,9.797269e-01,1231.566627
6.915288e+01,2.278038e-02,1.142901e-01,5.010622e-02,2.070598e-09,9.814967e-01,1233.537526
6.880946e+01,2.270000e-02,1.139869e-01,4.973453e-02,2.069113e-09,9.811622e-01,1237.014522
6.880946e+01,2.270000e-02,1.139869e-01,4.973453e-02,2.069113e-09,9.811622e-01,1237.014522
6.853731e+01,2.261703e-02,1.133255e-01,4.992816e-02,2.061173e-09,9.827156e-01,1237.792015
6.893859e+01,2.265587e-02,1.125996e-01,4.987684e-02,2.050202e-09,9.843146e-01,1234.988632
6.893859e+01,2.265587e-02,1.125996e-01,4.987684e-02,2.050202e-09,9.843146e-01,1234.988632
6.918371e+01,2.285124e-02,1.131543e-01,4.981465e-02,2.049609e-09,9.836448e-01,1232.190884
6.918371e+01,2.285124e-02,1.131543e-01,4.981465e-02,2.049609e-09,9.836448e-01,1232.190884
6.933647e+01,2.272116e-02,1.131158e-01,4.989533e-02,2.040638e-09,9.806044e-01,1230.425489
6.933647e+01,2.272116e-02,1.131158e-01,4.989533e-02,2.040638e-09,9.806044e-01,1230.425489
6.933647e+01,2.272116e-02,1.131158e-01,4.989533e-02,2.040638e-09,9.806044e-01,1230.425489
6.933647e+01,2.272116e-02,1.131158e-01,4.989533e-02,2.040638e-09,9.806044e-01,1230.425489
6.933647e+01,2.272116e-02,1.131158e-01,4.989533e-02,2.040638e-09,9.806044e-01,1230.425489
6.943281e+01,2.282305e-02,1.127735e-01,5.031008e-02,2.040942e-09,9.743510e-01,1230.404738
6.943281e+01,2.282305e-02,1.127735e-01,5.031008e-02,2.040942e-09,9.743510e-01,1230.404738
6.918456e+01,2.274962e-02,1.136413e-01,5.053489e-02,2.049021e-09,9.815424e-01,1230.651394
6.918456e+01,2.274962e-02,1.136413e-01,5.053489e-02,2.049021e-09,9.815424e-01,1230.651394
6.937166e+01,2.273155e-02,1.135107e-01,5.049872e-02,2.055907e-09,9.818808e-01,1230.308213
6.937166e+01,2.273155e-02,1.135107e-01,5.049872e-02,2.055907e-09,9.818808e-01,1230.308213
6.937166e+01,2.273155e-02,1.135107e-01,5.049872e-02,2.055907e-09,9.818808e-01,1230.308213
7.015060e+01,2.254243e-02,1.133674e-01,5.118621e-02,2.055215e-09,9.780296e-01,1229.565564
7.025621e+01,2.248034e-02,1.137763e-01,5.118225e-02,2.052367e-09,9.757729e-01,1230.361425
7.028390e+01,2.239615e-02,1.143370e-01,5.127981e-02,2.049925e-09,9.736969e-01,1233.240594
7.028390e+01,2.239615e-02,1.143370e-01,5.127981e-02,2.049925e-09,9.736969e-01,1233.240594
7.064657e+01,2.245039e-02,1.137787e-01,5.118832e-02,2.058795e-09,9.806679e-01,1234.231606
7.064657e+01,2.245039e-02,1.137787e-01,5.118832e-02,2.058795e-09,9.806679e-01,1234.231606
7.064657e+01,2.245039e-02,1.137787e-01,5.118832e-02,2.058795e-09,9.806679e-01,1234.231606
7.010204e+01,2.238145e-02,1.143054e-01,5.128752e-02,2.068045e-09,9.808385e-01,1234.311169
7.010204e+01,2.238145e-02,1.143054e-01,5.128752e-02,2.068045e-09,9.808385e-01,1234.311169
7.004683e+01,2.246807e-02,1.141589e-01,5.130789e-02,2.066075e-09,9.689670e-01,1233.401981
6.978754e+01,2.246080e-02,1.142737e-01,5.113552e-02,2.065554e-09,9.735381e-01,1230.987774
6.995096e+01,2.251107e-02,1.143427e-01,5.131568e-02,2.050152e-09,9.723679e-01,1229.794463
6.993267e+01,2.242318e-02,1.143681e-01,5.144135e-02,2.058559e-09,9.721207e-01,1229.936714
6.962828e+01,2.246112e-02,1.148370e-01,5.134489e-02,2.051734e-09,9.694944e-01,1229.463213
6.962828e+01,2.246112e-02,1.148370e-01,5.134489e-02,2.051734e-09,9.694944e-01,1229.463213
6.962828e+01,2.246112e-02,1.148370e-01,5.134489e-02,2.051734e-09,9.694944e-01,1229.463213
6.962828e+01,2.246112e-02,1.148370e-01,5.134489e-02,2.051734e-09,9.694944e-01,1229.463213
6.962828e+01,2.246112e-02,1.148370e-01,5.134489e-02,2.051734e-09,9.694944e-01,1229.463213
6.962828e+01,2.246112e-02,1.148370e-01,5.134489e-02,2.051734e-09,9.694944e-01,1229.463213
6.962828e+01,2.246112e-02,1.148370e-01,5.134489e-02,2.051734e-09,9.694944e-01,1229.463213
6.983522e+01,2.254502e-02,1.147823e-01,5.121005e-02,2.045731e-09,9.697657e-01,1231.191107
7.032962e+01,2.256579e-02,1.140430e-01,5.054190e-02,2.045070e-09,9.682194e-01,1230.112842
7.032962e+01,2.256579e-02,1.140430e-01,5.054190e-02,2.045070e-09,9.682194e-01,1230.112842
7.032962e+01,2.256579e-02,1.140430e-01,5.054190e-02,2.045070e-09,9.682194e-01,1230.112842
7.032962e+01,2.256579e-02,1.140430e-01,5.054190e-02,2.045070e-09,9.682194e-01,1230.112842
7.032962e+01,2.256579e-02,1.140430e-01,5.054190e-02,2.045070e-09,9.682194e-01,1230.112842
7.032962e+01,2.256579e-02,1.140430e-01,5.054190e-02,2.045070e-09,9.682194e-01,1230.112842
7.032962e+01,2.256579e-02,1.140430e-01,5.054190e-02,2.045070e-09,9.682194e-01,1230.112842
7.032962e+01,2.256579e-02,1.140430e-01,5.054190e-02,2.045070e-09,9.682194e-01,1230.112842
7.032962e+01,2.256579e-02,1.140430e-01,5.054190e-02,2.045070e-09,9.682194e-01,1230.112842
7.032962e+01,2.256579e-02,1.140430e-01,5.054190e-02,2.045070e-09,9.682194e-01,1230.112842
7.032962e+01,2.256579e-02,1.140430e-01,5.054190e-02,2.045070e-09,9.682194e-01,1230.112842
7.006654e+01,2.267266e-02,1.138740e-01,5.017751e-02,2.063949e-09,9.767666e-01,1231.431492
7.027725e+01,2.267989e-02,1.144686e-01,4.976746e-02,2.059075e-09,9.745081e-01,1230.073506
7.027725e+01,2.267989e-02,1.144686e-01,4.976746e-02,2.059075e-09,9.745081e-01,1230.073506
7.027725e+01,2.267989e-02,1.144686e-01,4.976746e-02,2.059075e-09,9.745081e-01,1230.073506
7.007046e+01,2.264052e-02,1.144252e-01,4.988670e-02,2.051888e-09,9.727969e-01,1228.957936
7.007046e+01,2.264052e-02,1.144252e-01,4.988670e-02,2.051888e-09,9.727969e-01,1228.957936
7.007046e+01,2.264052e-02,1.144252e-01,4.988670e-02,2.051888e-09,9.727969e-01,1228.957936
7.007046e+01,2.264052e-02,1.144252e-01,4.988670e-02,2.051888e-09,9.727969e-01,1228.957936
7.007046e+01,2.264052e-02,1.144252e-01,4.988670e-02,2.051888e-09,9.727969e-01,1228.957936
7.007046e+01,2.264052e-02,1.144252e-01,4.988670e-02,2.051888e-09,9.727969e-01,1228.957936
6.993921e+01,2.276663e-02,1.152007e-01,4.987740e-02,2.051158e-09,9.694120e-01,1229.831625
6.993921e+01,2.276663e-02,1.152007e-01,4.987740e-02,2.051158e-09,9.694120e-01,1229.831625
6.993921e+01,2.276663e-02,1.152007e-01,4.987740e-02,2.051158e-09,9.694120e-01,1229.831625
6.993921e+01,2.276663e-02,1.152007e-01,4.987740e-02,2.051158e-09,9.694120e-01,1229.831625
6.993921e+01,2.276663e-02,1.152007e-01,4.987740e-02,2.051158e-09,9.694120e-01,1229.831625
7.023254e+01,2.265599e-02,1.149108e-01,4.967859e-02,2.048986e-09,9.711682e-01,1230.543528
7.009663e+01,2.258037e-02,1.150349e-01,4.995747e-02,2.066464e-09,9.817795e-01,1232.540546
7.009663e+01,2.258037e-02,1.150349e-01,4.995747e-02,2.066464e-09,9.817795e-01,1232.540546
7.009663e+01,2.258037e-02,1.150349e-01,4.995747e-02,2.066464e-09,9.817795e-01,1232.540546
6.973123e+01,2.267382e-02,1.155379e-01,5.026625e-02,2.053180e-09,9.782260e-01,1233.242812
6.973123e+01,2.267382e-02,1.155379e-01,5.026625e-02,2.053180e-09,9.782260e-01,1233.242812
6.964580e+01,2.282926e-02,1.149489e-01,5.016194e-02,2.047672e-09,9.818973e-01,1234.254511
6.964580e+01,2.282926e-02,1.149489e-01,5.016194e-02,2.047672e-09,9.818973e-01,1234.254511
6.964580e+01,2.282926e-02,1.149489e-01,5.016194e-02,2.047672e-09,9.818973e-01,1234.254511
6.964580e+01,2.282926e-02,1.149489e-01,5.016194e-02,2.047672e-09,9.818973e-01,1234.254511
6.977729e+01,2.280082e-02,1.148247e-01,4.980440e-02,2.044103e-09,9.772596e-01,1231.805626
6.970809e+01,2.283113e-02,1.149313e-01,4.987654e-02,2.055875e-09,9.766794e-01,1228.586946
6.970809e+01,2.283113e-02,1.149313e-01,4.987654e-02,2.055875e-09,9.766794e-01,1228.586946
6.970809e+01,2.283113e-02,1.149313e-01,4.987654e-02,2.055875e-09,9.766794e-01,1228.586946
6.997087e+01,2.294141e-02,1.142597e-01,4.978343e-02,2.058909e-09,9.787168e-01,1229.125468
6.997087e+01,2.294141e-02,1.142597e-01,4.978343e-02,2.058909e-09,9.787168e-01,1229.125468
6.962091e+01,2.307980e-02,1.149237e-01,4.956844e-02,2.064788e-09,9.800167e-01,1230.297624
6.946328e+01,2.304561e-02,1.148468e-01,4.926023e-02,2.053534e-09,9.810093e-01,1230.144758
6.909925e+01,2.292924e-02,1.145615e-01,4.908692e-02,2.055815e-09,9.780819e-01,1230.515774
6.909925e+01,2.292924e-02,1.145615e-01,4.908692e-02,2.055815e-09,9.780819e-01,1230.515774
6.890366e+01,2.299660e-02,1.145674e-01,4.905400e-02,2.053643e-09,9.764318e-01,1232.148734
6.864454e+01,2.289982e-02,1.143164e-01,4.919001e-02,2.049778e-09,9.742783e-01,1232.795706
6.864454e+01,2.289982e-02,1.143164e-01,4.919001e-02,2.049778e-09,9.742783e-01,1232.795706
6.864454e+01,2.289982e-02,1.143164e-01,4.919001e-02,2.049778e-09,9.742783e-01,1232.795706
6.864454e+01,2.289982e-02,1.143164e-01,4.919001e-02,2.049778e-09,9.742783e-01,1232.795706
6.879275e+01,2.273793e-02,1.148939e-01,4.910890e-02,2.037941e-09,9.741191e-01,1231.554850
6.865570e+01,2.276463e-02,1.147302e-01,4.956189e-02,2.041047e-09,9.745379e-01,1231.336337
6.865570e+01,2.276463e-02,1.147302e-01,4.956189e-02,2.041047e-09,9.745379e-01,1231.336337
6.865570e+01,2.276463e-02,1.147302e-01,4.956189e-02,2.041047e-09,9.745379e-01,1231.336337
6.865169e+01,2.261234e-02,1.146465e-01,4.945549e-02,2.040164e-09,9.711686e-01,1229.462611
6.865169e+01,2.261234e-02,1.146465e-01,4.945549e-02,2.040164e-09,9.711686e-01,1229.462611
6.865169e+01,2.261234e-02,1.146465e-01,4.945549e-02,2.040164e-09,9.711686e-01,1229.462611
6.853215e+01,2.244978e-02,1.142042e-01,4.963988e-02,2.039791e-09,9.645895e-01,1229.250055
6.853215e+01,2.244978e-02,1.142042e-01,4.963988e-02,2.039791e-09,9.645895e-01,1229.250055
6.853215e+01,2.244978e-02,1.142042e-01,4.963988e-02,2.039791e-09,9.645895e-01,1229.250055
6.853215e+01,2.244978e-02,1.142042e-01,4.963988e-02,2.039791e-09,9.645895e-01,1229.250055
6.853215e+01,2.244978e-02,1.142042e-01,4.963988e-02,2.039791e-09,9.645895e-01,1229.250055
6.853215e+01,2.244978e-02,1.142042e-01,4.963988e-02,2.039791e-09,9.645895e-01,1229.250055
6.857842e+01,2.241652e-02,1.142072e-01,4.938903e-02,2.039128e-09,9.683205e-01,1228.510212
6.857842e+01,2.241652e-02,1.142072e-01,4.938903e-02,2.039128e-09,9.683205e-01,1228.510212
6.836851e+01,2.236690e-02,1.142949e-01,4.965571e-02,2.035912e-09,9.643429e-01,1228.850071
6.850419e+01,2.245788e-02,1.140391e-01,4.989068e-02,2.038687e-09,9.658535e-01,1229.223729
6.797594e+01,2.232737e-02,1.142429e-01,5.017277e-02,2.051052e-09,9.596365e-01,1236.938324
6.797594e+01,2.232737e-02,1.142429e-01,5.017277e-02,2.051052e-09,9.596365e-01,1236.938324
6.788416e+01,2.210029e-02,1.146823e-01,5.033116e-02,2.049985e-09,9.597240e-01,1231.706081
6.777134e+01,2.208126e-02,1.146648e-01,5.069071e-02,2.048663e-09,9.587605e-01,1231.416981
6.777134e+01,2.208126e-02,1.146648e-01,5.069071e-02,2.048663e-09,9.587605e-01,1231.416981
6.759228e+01,2.224637e-02,1.142281e-01,5.036968e-02,2.046134e-09,9.654028e-01,1232.428763
6.770411e+01,2.232308e-02,1.140822e-01,5.061716e-02,2.033021e-09,9.659713e-01,1232.003053
6.789988e+01,2.239590e-02,1.142823e-01,5.061852e-02,2.046917e-09,9.668294e-01,1231.236034
6.789988e+01,2.239590e-02,1.142823e-01,5.061852e-02,2.046917e-09,9.668294e-01,1231.236034
6.789988e+01,2.239590e-02,1.142823e-01,5.061852e-02,2.046917e-09,9.668294e-01,1231.236034
6.824529e+01,2.245838e-02,1.142223e-01,5.048669e-02,2.047866e-09,9.656932e-01,1230.945182
6.800736e+01,2.242759e-02,1.144336e-01,4.993474e-02,2.053062e-09,9.709359e-01,1231.886125
6.800736e+01,2.242759e-02,1.144336e-01,4.993474e-02,2.053062e-09,9.709359e-01,1231.886125
6.834364e+01,2.236511e-02,1.140901e-01,5.035916e-02,2.047415e-09,9.747946e-01,1230.588210
6.851192e+01,2.245090e-02,1.145734e-01,5.030026e-02,2.056993e-09,9.736548e-01,1229.805734
6.878050e+01,2.237706e-02,1.139552e-01,5.064728e-02,2.059553e-09,9.751094e-01,1231.419035
6.878050e+01,2.237706e-02,1.139552e-01,5.064728e-02,2.059553e-09,9.751094e-01,1231.419035
6.880804e+01,2.232312e-02,1.145165e-01,5.046126e-02,2.055915e-09,9.726899e-01,1229.342119
6.892892e+01,2.240095e-02,1.142772e-01,5.060661e-02,2.044980e-09,9.690504e-01,1228.068717
6.892892e+01,2.240095e-02,1.142772e-01,5.060661e-02,2.044980e-09,9.690504e-01,1228.068717
6.893926e+01,2.233888e-02,1.145364e-01,5.031951e-02,2.047604e-09,9.687708e-01,1228.156634
