H0,ombh2,omch2,tau,As,ns,chisq
6.500000e+01,2.000000e-02,1.000000e-01,5.000000e-02,2.000000e-09,9.600000e-01,1588.425776
6.532760e+01,1.992896e-02,1.004316e-01,4.979876e-02,2.005488e-09,9.653554e-01,1562.543556
6.549691e+01,1.991903e-02,1.006799e-01,4.994998e-02,1.997092e-09,9.710048e-01,1497.891676
6.496374e+01,1.995080e-02,1.011752e-01,4.985736e-02,1.967766e-09,9.787694e-01,1416.810770
6.491508e+01,1.998688e-02,1.011810e-01,4.985001e-02,1.965793e-09,9.835961e-01,1417.558713
6.491508e+01,1.998688e-02,1.011810e-01,4.985001e-02,1.965793e-09,9.835961e-01,1417.558713
6.491508e+01,1.998688e-02,1.011810e-01,4.985001e-02,1.965793e-09,9.835961e-01,1417.558713
6.491508e+01,1.998688e-02,1.011810e-01,4.985001e-02,1.965793e-09,9.835961e-01,1417.558713
6.491508e+01,1.998688e-02,1.011810e-01,4.985001e-02,1.965793e-09,9.835961e-01,1417.558713
6.491508e+01,1.998688e-02,1.011810e-01,4.985001e-02,1.965793e-09,9.835961e-01,1417.558713
6.491508e+01,1.998688e-02,1.011810e-01,4.985001e-02,1.965793e-09,9.835961e-01,1417.558713
6.491508e+01,1.998688e-02,1.011810e-01,4.985001e-02,1.965793e-09,9.835961e-01,1417.558713
6.491508e+01,1.998688e-02,1.011810e-01,4.985001e-02,1.965793e-09,9.835961e-01,1417.558713
6.428483e+01,1.994202e-02,1.015452e-01,4.962476e-02,1.943749e-09,9.798073e-01,1400.288812
6.428483e+01,1.994202e-02,1.015452e-01,4.962476e-02,1.943749e-09,9.798073e-01,1400.288812
6.428483e+01,1.994202e-02,1.015452e-01,4.962476e-02,1.943749e-09,9.798073e-01,1400.288812
6.428483e+01,1.994202e-02,1.015452e-01,4.962476e-02,1.943749e-09,9.798073e-01,1400.288812
6.428483e+01,1.994202e-02,1.015452e-01,4.962476e-02,1.943749e-09,9.798073e-01,1400.288812
6.428483e+01,1.994202e-02,1.015452e-01,4.962476e-02,1.943749e-09,9.798073e-01,1400.288812
6.422362e+01,1.992737e-02,1.006981e-01,4.940870e-02,1.934322e-09,9.744065e-01,1403.947956
6.422362e+01,1.992737e-02,1.006981e-01,4.940870e-02,1.934322e-09,9.744065e-01,1403.947956
6.419271e+01,1.989062e-02,1.001138e-01,4.934847e-02,1.915234e-09,9.719870e-01,1398.345679
6.442669e+01,1.989054e-02,1.001578e-01,4.911490e-02,1.921344e-09,9.736544e-01,1397.169333
6.442669e+01,1.989054e-02,1.001578e-01,4.911490e-02,1.921344e-09,9.736544e-01,1397.169333
6.442669e+01,1.989054e-02,1.001578e-01,4.911490e-02,1.921344e-09,9.736544e-01,1397.169333
6.514352e+01,1.980063e-02,1.011493e-01,4.921180e-02,1.909782e-09,9.761842e-01,1370.751114
6.473204e+01,2.002041e-02,1.007300e-01,4.900552e-02,1.899325e-09,9.711784e-01,1370.136199
6.473204e+01,2.002041e-02,1.007300e-01,4.900552e-02,1.899325e-09,9.711784e-01,1370.136199
6.473204e+01,2.002041e-02,1.007300e-01,4.900552e-02,1.899325e-09,9.711784e-01,1370.136199
6.473659e+01,2.001513e-02,1.010640e-01,4.906056e-02,1.904153e-09,9.675200e-01,1358.769749
6.473659e+01,2.001513e-02,1.010640e-01,4.906056e-02,1.904153e-09,9.675200e-01,1358.769749
6.529697e+01,2.000528e-02,1.002920e-01,4.935640e-02,1.903400e-09,9.660709e-01,1349.866469
6.529697e+01,2.000528e-02,1.002920e-01,4.935640e-02,1.903400e-09,9.660709e-01,1349.866469
6.529697e+01,2.000528e-02,1.002920e-01,4.935640e-02,1.903400e-09,9.660709e-01,1349.866469
6.529697e+01,2.000528e-02,1.002920e-01,4.935640e-02,1.903400e-09,9.660709e-01,1349.866469
6.575678e+01,2.010787e-02,1.010065e-01,4.904761e-02,1.904303e-09,9.621960e-01,1325.278127
6.592420e+01,1.991059e-02,1.009774e-01,4.913336e-02,1.903276e-09,9.572905e-01,1317.569690
6.592420e+01,1.991059e-02,1.009774e-01,4.913336e-02,1.903276e-09,9.572905e-01,1317.569690
6.592420e+01,1.991059e-02,1.009774e-01,4.913336e-02,1.903276e-09,9.572905e-01,1317.569690
6.633025e+01,1.996691e-02,1.005435e-01,4.910904e-02,1.894011e-09,9.567660e-01,1311.863045
6.609950e+01,1.981769e-02,1.014630e-01,4.863284e-02,1.890136e-09,9.553212e-01,1312.382100
6.609950e+01,1.981769e-02,1.014630e-01,4.863284e-02,1.890136e-09,9.553212e-01,1312.382100
6.609950e+01,1.981769e-02,1.014630e-01,4.863284e-02,1.890136e-09,9.553212e-01,1312.382100
6.620592e+01,1.974722e-02,1.009946e-01,4.838560e-02,1.897620e-09,9.539790e-01,1310.397683
6.620592e+01,1.974722e-02,1.009946e-01,4.838560e-02,1.897620e-09,9.539790e-01,1310.397683
6.620592e+01,1.974722e-02,1.009946e-01,4.838560e-02,1.897620e-09,9.539790e-01,1310.397683
6.620592e+01,1.974722e-02,1.009946e-01,4.838560e-02,1.897620e-09,9.539790e-01,1310.397683
6.640125e+01,1.978646e-02,1.016254e-01,4.868259e-02,1.893673e-09,9.523751e-01,1301.788376
6.634357e+01,1.980596e-02,1.025444e-01,4.866033e-02,1.873029e-09,9.411581e-01,1298.582358
6.634357e+01,1.980596e-02,1.025444e-01,4.866033e-02,1.873029e-09,9.411581e-01,1298.582358
6.604018e+01,1.973535e-02,1.017826e-01,4.879375e-02,1.871492e-09,9.367379e-01,1295.851970
6.604018e+01,1.973535e-02,1.017826e-01,4.879375e-02,1.871492e-09,9.367379e-01,1295.851970
6.574228e+01,1.967401e-02,1.026376e-01,4.866764e-02,1.873638e-09,9.320216e-01,1292.426108
6.613764e+01,1.967626e-02,1.022874e-01,4.858947e-02,1.882716e-09,9.285207e-01,1282.633056
6.613764e+01,1.967626e-02,1.022874e-01,4.858947e-02,1.882716e-09,9.285207e-01,1282.633056
6.671366e+01,1.969349e-02,1.016578e-01,4.873762e-02,1.882471e-09,9.248292e-01,1279.519932
6.671366e+01,1.969349e-02,1.016578e-01,4.873762e-02,1.882471e-09,9.248292e-01,1279.519932
6.671366e+01,1.969349e-02,1.016578e-01,4.873762e-02,1.882471e-09,9.248292e-01,1279.519932
6.655102e+01,1.970058e-02,1.024530e-01,4.913804e-02,1.889799e-09,9.318574e-01,1278.013288
6.650427e+01,1.966034e-02,1.027681e-01,4.894067e-02,1.884493e-09,9.300334e-01,1277.828460
6.650427e+01,1.966034e-02,1.027681e-01,4.894067e-02,1.884493e-09,9.300334e-01,1277.828460
6.721147e+01,1.978816e-02,1.028570e-01,4.879648e-02,1.877800e-09,9.309210e-01,1275.190746
6.721147e+01,1.978816e-02,1.028570e-01,4.879648e-02,1.877800e-09,9.309210e-01,1275.190746
6.721147e+01,1.978816e-02,1.028570e-01,4.879648e-02,1.877800e-09,9.309210e-01,1275.190746
6.715629e+01,1.977538e-02,1.024870e-01,4.877090e-02,1.892916e-09,9.345265e-01,1272.273716
6.715629e+01,1.977538e-02,1.024870e-01,4.877090e-02,1.892916e-09,9.345265e-01,1272.273716
6.715629e+01,1.977538e-02,1.024870e-01,4.877090e-02,1.892916e-09,9.345265e-01,1272.273716
6.715629e+01,1.977538e-02,1.024870e-01,4.877090e-02,1.892916e-09,9.345265e-01,1272.273716
6.756317e+01,1.987445e-02,1.022236e-01,4.930690e-02,1.898664e-09,9.247441e-01,1270.800964
6.798634e+01,1.987016e-02,1.025836e-01,4.924564e-02,1.911692e-09,9.255669e-01,1272.345881
6.830655e+01,1.974229e-02,1.029741e-01,4.893203e-02,1.900015e-09,9.128316e-01,1274.146567
6.809299e+01,1.966309e-02,1.029701e-01,4.929867e-02,1.899977e-09,9.292420e-01,1265.967423
6.809299e+01,1.966309e-02,1.029701e-01,4.929867e-02,1.899977e-09,9.292420e-01,1265.967423
6.846744e+01,1.981592e-02,1.027332e-01,4.903059e-02,1.902853e-09,9.335254e-01,1263.337493
6.846744e+01,1.981592e-02,1.027332e-01,4.903059e-02,1.902853e-09,9.335254e-01,1263.337493
6.846744e+01,1.981592e-02,1.027332e-01,4.903059e-02,1.902853e-09,9.335254e-01,1263.337493
6.846744e+01,1.981592e-02,1.027332e-01,4.903059e-02,1.902853e-09,9.335254e-01,1263.337493
6.846744e+01,1.981592e-02,1.027332e-01,4.903059e-02,1.902853e-09,9.335254e-01,1263.337493
6.846744e+01,1.981592e-02,1.027332e-01,4.903059e-02,1.902853e-09,9.335254e-01,1263.337493
6.806416e+01,1.989696e-02,1.029563e-01,4.884976e-02,1.896938e-09,9.282467e-01,1261.742983
6.843305e+01,1.991163e-02,1.036697e-01,4.876260e-02,1.897435e-09,9.265987e-01,1259.628854
6.843305e+01,1.991163e-02,1.036697e-01,4.876260e-02,1.897435e-09,9.265987e-01,1259.628854
6.843305e+01,1.991163e-02,1.036697e-01,4.876260e-02,1.897435e-09,9.265987e-01,1259.628854
6.843305e+01,1.991163e-02,1.036697e-01,4.876260e-02,1.897435e-09,9.265987e-01,1259.628854
6.866458e+01,2.006176e-02,1.035691e-01,4.887708e-02,1.891064e-09,9.210459e-01,1259.278899
6.856362e+01,2.014216e-02,1.039243e-01,4.902292e-02,1.890912e-09,9.185363e-01,1259.838441
6.821229e+01,2.016587e-02,1.038226e-01,4.896409e-02,1.885200e-09,9.202587e-01,1261.594014
6.821229e+01,2.016587e-02,1.038226e-01,4.896409e-02,1.885200e-09,9.202587e-01,1261.594014
6.821229e+01,2.016587e-02,1.038226e-01,4.896409e-02,1.885200e-09,9.202587e-01,1261.594014
6.821229e+01,2.016587e-02,1.038226e-01,4.896409e-02,1.885200e-09,9.202587e-01,1261.594014
6.821229e+01,2.016587e-02,1.038226e-01,4.896409e-02,1.885200e-09,9.202587e-01,1261.594014
6.821229e+01,2.016587e-02,1.038226e-01,4.896409e-02,1.885200e-09,9.202587e-01,1261.594014
6.821229e+01,2.016587e-02,1.038226e-01,4.896409e-02,1.885200e-09,9.202587e-01,1261.594014
6.821229e+01,2.016587e-02,1.038226e-01,4.896409e-02,1.885200e-09,9.202587e-01,1261.594014
6.821229e+01,2.016587e-02,1.038226e-01,4.896409e-02,1.885200e-09,9.202587e-01,1261.594014
6.804546e+01,2.006369e-02,1.048193e-01,4.853985e-02,1.889647e-09,9.191416e-01,1261.800968
6.824117e+01,2.005213e-02,1.049133e-01,4.811764e-02,1.898700e-09,9.180268e-01,1258.626634
6.834689e+01,2.011201e-02,1.046187e-01,4.784582e-02,1.889387e-09,9.130085e-01,1262.288927
6.785756e+01,2.024055e-02,1.050441e-01,4.786860e-02,1.896426e-09,9.127219e-01,1262.196713
6.770204e+01,2.033702e-02,1.050172e-01,4.750966e-02,1.890975e-09,9.161149e-01,1260.854462
6.770204e+01,2.033702e-02,1.050172e-01,4.750966e-02,1.890975e-09,9.161149e-01,1260.854462
6.770204e+01,2.033702e-02,1.050172e-01,4.750966e-02,1.890975e-09,9.161149e-01,1260.854462
6.770204e+01,2.033702e-02,1.050172e-01,4.750966e-02,1.890975e-09,9.161149e-01,1260.854462
6.782121e+01,2.042082e-02,1.048136e-01,4.741330e-02,1.884599e-09,9.165511e-01,1262.738320
6.782121e+01,2.042082e-02,1.048136e-01,4.741330e-02,1.884599e-09,9.165511e-01,1262.738320
6.850830e+01,2.034863e-02,1.051958e-01,4.808281e-02,1.898764e-09,9.185712e-01,1256.962662
6.869082e+01,2.026852e-02,1.048609e-01,4.826094e-02,1.894698e-09,9.158348e-01,1259.700307
6.864859e+01,2.026954e-02,1.052118e-01,4.774817e-02,1.902696e-09,9.189838e-01,1256.184691
6.864859e+01,2.026954e-02,1.052118e-01,4.774817e-02,1.902696e-09,9.189838e-01,1256.184691
6.864859e+01,2.026954e-02,1.052118e-01,4.774817e-02,1.902696e-09,9.189838e-01,1256.184691
6.884711e+01,2.037616e-02,1.057540e-01,4.735039e-02,1.920094e-09,9.226922e-01,1253.812898
6.884711e+01,2.037616e-02,1.057540e-01,4.735039e-02,1.920094e-09,9.226922e-01,1253.812898
6.765713e+01,2.034383e-02,1.055933e-01,4.745818e-02,1.929257e-09,9.300332e-01,1255.646649
6.820049e+01,2.040289e-02,1.050202e-01,4.769986e-02,1.926198e-09,9.386330e-01,1250.990673
6.820049e+01,2.040289e-02,1.050202e-01,4.769986e-02,1.926198e-09,9.386330e-01,1250.990673
6.820049e+01,2.040289e-02,1.050202e-01,4.769986e-02,1.926198e-09,9.386330e-01,1250.990673
6.820049e+01,2.040289e-02,1.050202e-01,4.769986e-02,1.926198e-09,9.386330e-01,1250.990673
6.820049e+01,2.040289e-02,1.050202e-01,4.769986e-02,1.926198e-09,9.386330e-01,1250.990673
6.820049e+01,2.040289e-02,1.050202e-01,4.769986e-02,1.926198e-09,9.386330e-01,1250.990673
6.769484e+01,2.047218e-02,1.057235e-01,4.782594e-02,1.924479e-09,9.330686e-01,1250.471260
6.769484e+01,2.047218e-02,1.057235e-01,4.782594e-02,1.924479e-09,9.330686e-01,1250.471260
6.769484e+01,2.047218e-02,1.057235e-01,4.782594e-02,1.924479e-09,9.330686e-01,1250.471260
6.769484e+01,2.047218e-02,1.057235e-01,4.782594e-02,1.924479e-09,9.330686e-01,1250.471260
6.765323e+01,2.042754e-02,1.063081e-01,4.770874e-02,1.924781e-09,9.350459e-01,1249.408042
6.746541e+01,2.052565e-02,1.064749e-01,4.814388e-02,1.927660e-09,9.364112e-01,1249.248148
6.746541e+01,2.052565e-02,1.064749e-01,4.814388e-02,1.927660e-09,9.364112e-01,1249.248148
6.746541e+01,2.052565e-02,1.064749e-01,4.814388e-02,1.927660e-09,9.364112e-01,1249.248148
6.746541e+01,2.052565e-02,1.064749e-01,4.814388e-02,1.927660e-09,9.364112e-01,1249.248148
6.746541e+01,2.052565e-02,1.064749e-01,4.814388e-02,1.927660e-09,9.364112e-01,1249.248148
6.746541e+01,2.052565e-02,1.064749e-01,4.814388e-02,1.927660e-09,9.364112e-01,1249.248148
6.801502e+01,2.059487e-02,1.055708e-01,4.783316e-02,1.920595e-09,9.337925e-01,1248.623737
6.795753e+01,2.065736e-02,1.055876e-01,4.753601e-02,1.917275e-09,9.364695e-01,1248.834806
6.795753e+01,2.065736e-02,1.055876e-01,4.753601e-02,1.917275e-09,9.364695e-01,1248.834806
6.795753e+01,2.065736e-02,1.055876e-01,4.753601e-02,1.917275e-09,9.364695e-01,1248.834806
6.770057e+01,2.067500e-02,1.056328e-01,4.777589e-02,1.924738e-09,9.460222e-01,1251.800378
6.746272e+01,2.063871e-02,1.058896e-01,4.761597e-02,1.924653e-09,9.414227e-01,1250.914241
6.772585e+01,2.081747e-02,1.067595e-01,4.743900e-02,1.944935e-09,9.390738e-01,1247.346774
6.772585e+01,2.081747e-02,1.067595e-01,4.743900e-02,1.944935e-09,9.390738e-01,1247.346774
6.778728e+01,2.077072e-02,1.072687e-01,4.742359e-02,1.930611e-09,9.376402e-01,1245.287328
6.778728e+01,2.077072e-02,1.072687e-01,4.742359e-02,1.930611e-09,9.376402e-01,1245.287328
6.778728e+01,2.077072e-02,1.072687e-01,4.742359e-02,1.930611e-09,9.376402e-01,1245.287328
6.778728e+01,2.077072e-02,1.072687e-01,4.742359e-02,1.930611e-09,9.376402e-01,1245.287328
6.778728e+01,2.077072e-02,1.072687e-01,4.742359e-02,1.930611e-09,9.376402e-01,1245.287328
6.783126e+01,2.072847e-02,1.078441e-01,4.719913e-02,1.945522e-09,9.325950e-01,1244.986317
6.783126e+01,2.072847e-02,1.078441e-01,4.719913e-02,1.945522e-09,9.325950e-01,1244.986317
6.783126e+01,2.072847e-02,1.078441e-01,4.719913e-02,1.945522e-09,9.325950e-01,1244.986317
6.790562e+01,2.069274e-02,1.079684e-01,4.726156e-02,1.935291e-09,9.342787e-01,1244.120608
6.790562e+01,2.069274e-02,1.079684e-01,4.726156e-02,1.935291e-09,9.342787e-01,1244.120608
6.833372e+01,2.077903e-02,1.074285e-01,4.703149e-02,1.937795e-09,9.314831e-01,1244.301028
6.833372e+01,2.077903e-02,1.074285e-01,4.703149e-02,1.937795e-09,9.314831e-01,1244.301028
6.833372e+01,2.077903e-02,1.074285e-01,4.703149e-02,1.937795e-09,9.314831e-01,1244.301028
6.833372e+01,2.077903e-02,1.074285e-01,4.703149e-02,1.937795e-09,9.314831e-01,1244.301028
6.833372e+01,2.077903e-02,1.074285e-01,4.703149e-02,1.937795e-09,9.314831e-01,1244.301028
6.852212e+01,2.063686e-02,1.070984e-01,4.734403e-02,1.933274e-09,9.321673e-01,1244.864659
6.852212e+01,2.063686e-02,1.070984e-01,4.734403e-02,1.933274e-09,9.321673e-01,1244.864659
6.852212e+01,2.063686e-02,1.070984e-01,4.734403e-02,1.933274e-09,9.321673e-01,1244.864659
6.852212e+01,2.063686e-02,1.070984e-01,4.734403e-02,1.933274e-09,9.321673e-01,1244.864659
6.852212e+01,2.063686e-02,1.070984e-01,4.734403e-02,1.933274e-09,9.321673e-01,1244.864659
6.852212e+01,2.063686e-02,1.070984e-01,4.734403e-02,1.933274e-09,9.321673e-01,1244.864659
6.833109e+01,2.062010e-02,1.066565e-01,4.722047e-02,1.931533e-09,9.419499e-01,1245.831948
6.833109e+01,2.062010e-02,1.066565e-01,4.722047e-02,1.931533e-09,9.419499e-01,1245.831948
6.833109e+01,2.062010e-02,1.066565e-01,4.722047e-02,1.931533e-09,9.419499e-01,1245.831948
6.865729e+01,2.065524e-02,1.069448e-01,4.696540e-02,1.929622e-09,9.409035e-01,1245.736307
6.864726e+01,2.066113e-02,1.068274e-01,4.679631e-02,1.939535e-09,9.388612e-01,1243.861253
