H0,ombh2,omch2,tau,As,ns,chisq,accept
6.500000e+01,2.000000e-02,1.000000e-01,5.000000e-02,2.000000e-09,9.600000e-01,1588.425776,100.00
6.500000e+01,2.000000e-02,1.000000e-01,5.000000e-02,2.000000e-09,9.600000e-01,1588.425776,0.00
6.500000e+01,2.000000e-02,1.000000e-01,5.000000e-02,2.000000e-09,9.600000e-01,1588.425776,0.00
6.417140e+01,1.974774e-02,1.008029e-01,2.561484e-02,1.898953e-09,9.542471e-01,1567.854607,33.33
6.375082e+01,1.995605e-02,1.034742e-01,3.448346e-02,1.955478e-09,9.513608e-01,1550.017396,50.00
6.143640e+01,1.958188e-02,1.076394e-01,2.793465e-02,1.941785e-09,9.343796e-01,1530.669835,60.00
6.025610e+01,1.913274e-02,1.085930e-01,1.255503e-02,1.869515e-09,9.218772e-01,1510.300696,66.67
6.025610e+01,1.913274e-02,1.085930e-01,1.255503e-02,1.869515e-09,9.218772e-01,1510.300696,57.14
6.025610e+01,1.913274e-02,1.085930e-01,1.255503e-02,1.869515e-09,9.218772e-01,1510.300696,50.00
6.025610e+01,1.913274e-02,1.085930e-01,1.255503e-02,1.869515e-09,9.218772e-01,1510.300696,44.44
6.025610e+01,1.913274e-02,1.085930e-01,1.255503e-02,1.869515e-09,9.218772e-01,1510.300696,40.00
5.896133e+01,1.897202e-02,1.114037e-01,4.874397e-03,1.852087e-09,9.157828e-01,1494.602186,45.45
5.849702e+01,1.893411e-02,1.127876e-01,1.622931e-03,1.846032e-09,9.120751e-01,1485.844428,50.00
5.849702e+01,1.893411e-02,1.127876e-01,1.622931e-03,1.846032e-09,9.120751e-01,1485.844428,46.15
5.849702e+01,1.893411e-02,1.127876e-01,1.622931e-03,1.846032e-09,9.120751e-01,1485.844428,42.86
6.032180e+01,1.940085e-02,1.093893e-01,2.769105e-02,1.931104e-09,9.237038e-01,1485.600684,46.67
6.032180e+01,1.940085e-02,1.093893e-01,2.769105e-02,1.931104e-09,9.237038e-01,1485.600684,43.75
6.032180e+01,1.940085e-02,1.093893e-01,2.769105e-02,1.931104e-09,9.237038e-01,1485.600684,41.18
6.032180e+01,1.940085e-02,1.093893e-01,2.769105e-02,1.931104e-09,9.237038e-01,1485.600684,38.89
6.032180e+01,1.940085e-02,1.093893e-01,2.769105e-02,1.931104e-09,9.237038e-01,1485.600684,36.84
6.032180e+01,1.940085e-02,1.093893e-01,2.769105e-02,1.931104e-09,9.237038e-01,1485.600684,35.00
6.058533e+01,1.930429e-02,1.085590e-01,7.435637e-03,1.831587e-09,9.181074e-01,1442.717049,38.10
6.058533e+01,1.930429e-02,1.085590e-01,7.435637e-03,1.831587e-09,9.181074e-01,1442.717049,36.36
6.058533e+01,1.930429e-02,1.085590e-01,7.435637e-03,1.831587e-09,9.181074e-01,1442.717049,34.78
6.042813e+01,1.926184e-02,1.082393e-01,3.830972e-03,1.812729e-09,9.210585e-01,1435.391421,37.50
6.042813e+01,1.926184e-02,1.082393e-01,3.830972e-03,1.812729e-09,9.210585e-01,1435.391421,36.00
6.042813e+01,1.926184e-02,1.082393e-01,3.830972e-03,1.812729e-09,9.210585e-01,1435.391421,34.62
6.042813e+01,1.926184e-02,1.082393e-01,3.830972e-03,1.812729e-09,9.210585e-01,1435.391421,33.33
6.042813e+01,1.926184e-02,1.082393e-01,3.830972e-03,1.812729e-09,9.210585e-01,1435.391421,32.14
6.157466e+01,1.923119e-02,1.062515e-01,1.606962e-02,1.847495e-09,9.243449e-01,1431.368059,34.48
6.157466e+01,1.923119e-02,1.062515e-01,1.606962e-02,1.847495e-09,9.243449e-01,1431.368059,33.33
6.066013e+01,1.873418e-02,1.079574e-01,5.549785e-03,1.811004e-09,9.162902e-01,1421.206555,35.48
6.066013e+01,1.873418e-02,1.079574e-01,5.549785e-03,1.811004e-09,9.162902e-01,1421.206555,34.38
6.066013e+01,1.873418e-02,1.079574e-01,5.549785e-03,1.811004e-09,9.162902e-01,1421.206555,33.33
6.066013e+01,1.873418e-02,1.079574e-01,5.549785e-03,1.811004e-09,9.162902e-01,1421.206555,32.35
6.066013e+01,1.873418e-02,1.079574e-01,5.549785e-03,1.811004e-09,9.162902e-01,1421.206555,31.43
6.066013e+01,1.873418e-02,1.079574e-01,5.549785e-03,1.811004e-09,9.162902e-01,1421.206555,30.56
