H0,ombh2,omch2,tau,As,ns,chisq
6.500000e+01,2.000000e-02,1.000000e-01,5.000000e-02,2.000000e-09,9.600000e-01,1588.425776
6.493234e+01,1.992420e-02,9.974983e-02,2.862518e-02,1.909676e-09,9.586319e-01,1578.244979
6.508480e+01,1.999625e-02,9.959815e-02,2.844242e-02,1.908842e-09,9.597304e-01,1576.795813
6.508480e+01,1.999625e-02,9.959815e-02,2.844242e-02,1.908842e-09,9.597304e-01,1576.795813
6.508480e+01,1.999625e-02,9.959815e-02,2.844242e-02,1.908842e-09,9.597304e-01,1576.795813
6.508480e+01,1.999625e-02,9.959815e-02,2.844242e-02,1.908842e-09,9.597304e-01,1576.795813
6.508480e+01,1.999625e-02,9.959815e-02,2.844242e-02,1.908842e-09,9.597304e-01,1576.795813
6.521776e+01,2.001836e-02,9.939479e-02,2.693741e-02,1.900826e-09,9.601148e-01,1571.171695
6.521776e+01,2.001836e-02,9.939479e-02,2.693741e-02,1.900826e-09,9.601148e-01,1571.171695
6.533481e+01,2.003397e-02,9.917550e-02,2.173397e-02,1.878251e-09,9.608117e-01,1563.292287
6.538648e+01,2.005067e-02,9.918946e-02,2.389544e-02,1.887137e-09,9.607638e-01,1563.965377
6.538648e+01,2.005067e-02,9.918946e-02,2.389544e-02,1.887137e-09,9.607638e-01,1563.965377
6.528527e+01,2.001946e-02,9.935379e-02,2.499855e-02,1.891744e-09,9.599864e-01,1563.201640
6.546134e+01,2.003550e-02,9.914007e-02,1.971417e-02,1.869050e-09,9.605384e-01,1553.420858
6.531919e+01,2.000984e-02,9.943453e-02,1.629281e-02,1.856619e-09,9.595915e-01,1547.326180
6.531919e+01,2.000984e-02,9.943453e-02,1.629281e-02,1.856619e-09,9.595915e-01,1547.326180
6.531919e+01,2.000984e-02,9.943453e-02,1.629281e-02,1.856619e-09,9.595915e-01,1547.326180
6.499946e+01,1.998009e-02,1.000313e-01,1.645704e-02,1.860602e-09,9.589139e-01,1545.245582
6.499946e+01,1.998009e-02,1.000313e-01,1.645704e-02,1.860602e-09,9.589139e-01,1545.245582
6.499946e+01,1.998009e-02,1.000313e-01,1.645704e-02,1.860602e-09,9.589139e-01,1545.245582
6.499525e+01,1.993724e-02,9.998399e-02,7.144506e-03,1.821358e-09,9.580149e-01,1528.659950
6.499525e+01,1.993724e-02,9.998399e-02,7.144506e-03,1.821358e-09,9.580149e-01,1528.659950
6.499525e+01,1.993724e-02,9.998399e-02,7.144506e-03,1.821358e-09,9.580149e-01,1528.659950
6.499525e+01,1.993724e-02,9.998399e-02,7.144506e-03,1.821358e-09,9.580149e-01,1528.659950
6.499525e+01,1.993724e-02,9.998399e-02,7.144506e-03,1.821358e-09,9.580149e-01,1528.659950
6.480320e+01,1.988081e-02,1.002504e-01,2.671208e-03,1.803961e-09,9.564261e-01,1521.665227
6.480320e+01,1.988081e-02,1.002504e-01,2.671208e-03,1.803961e-09,9.564261e-01,1521.665227
6.480320e+01,1.988081e-02,1.002504e-01,2.671208e-03,1.803961e-09,9.564261e-01,1521.665227
6.480320e+01,1.988081e-02,1.002504e-01,2.671208e-03,1.803961e-09,9.564261e-01,1521.665227
6.480320e+01,1.988081e-02,1.002504e-01,2.671208e-03,1.803961e-09,9.564261e-01,1521.665227
